==== Data Efficiency Comparison ====
==== Binning Info ====
x-axis: [0.0, 0.9, 1.2, 2.1, 2.4]
y-axis: [15.0, 20.0, 25.0, 30.0, 40.0, 50.0, 60.0, 120.0]
[0.0, 15.0] 0.729, 0.735, -0.008
[0.0, 20.0] 0.790, 0.787, 0.003
[0.0, 25.0] 0.849, 0.845, 0.004
[0.0, 30.0] 0.924, 0.926, -0.002
[0.0, 40.0] 0.966, 0.969, -0.003
[0.0, 50.0] 0.977, 0.979, -0.002
[0.0, 60.0] 0.982, 0.986, -0.004
[0.9, 15.0] 0.738, 0.757, -0.024
[0.9, 20.0] 0.792, 0.793, -0.000
[0.9, 25.0] 0.845, 0.853, -0.009
[0.9, 30.0] 0.923, 0.929, -0.007
[0.9, 40.0] 0.967, 0.970, -0.002
[0.9, 50.0] 0.978, 0.981, -0.003
[0.9, 60.0] 0.983, 0.987, -0.004
[1.2, 15.0] 0.796, 0.812, -0.020
[1.2, 20.0] 0.843, 0.855, -0.014
[1.2, 25.0] 0.884, 0.898, -0.016
[1.2, 30.0] 0.942, 0.950, -0.008
[1.2, 40.0] 0.977, 0.980, -0.003
[1.2, 50.0] 0.985, 0.987, -0.003
[1.2, 60.0] 0.987, 0.990, -0.003
[2.1, 15.0] 0.831, 0.840, -0.011
[2.1, 20.0] 0.874, 0.884, -0.011
[2.1, 25.0] 0.914, 0.926, -0.013
[2.1, 30.0] 0.957, 0.963, -0.007
[2.1, 40.0] 0.982, 0.985, -0.003
[2.1, 50.0] 0.988, 0.991, -0.003
[2.1, 60.0] 0.992, 0.993, -0.001

==== MC Efficiency Comparison ====
==== Binning Info ====
x-axis: [0.0, 0.9, 1.2, 2.1, 2.4]
y-axis: [15.0, 20.0, 25.0, 30.0, 40.0, 50.0, 60.0, 120.0]
[0.0, 15.0] 0.732, 0.739, -0.010
[0.0, 20.0] 0.792, 0.786, 0.008
[0.0, 25.0] 0.854, 0.848, 0.007
[0.0, 30.0] 0.928, 0.929, -0.000
[0.0, 40.0] 0.970, 0.971, -0.002
[0.0, 50.0] 0.978, 0.981, -0.003
[0.0, 60.0] 0.982, 0.987, -0.005
[0.9, 15.0] 0.732, 0.743, -0.014
[0.9, 20.0] 0.788, 0.790, -0.001
[0.9, 25.0] 0.844, 0.846, -0.003
[0.9, 30.0] 0.923, 0.927, -0.004
[0.9, 40.0] 0.968, 0.970, -0.002
[0.9, 50.0] 0.978, 0.982, -0.004
[0.9, 60.0] 0.983, 0.987, -0.005
[1.2, 15.0] 0.777, 0.790, -0.016
[1.2, 20.0] 0.828, 0.836, -0.009
[1.2, 25.0] 0.877, 0.886, -0.010
[1.2, 30.0] 0.938, 0.944, -0.006
[1.2, 40.0] 0.976, 0.978, -0.002
[1.2, 50.0] 0.983, 0.986, -0.003
[1.2, 60.0] 0.986, 0.990, -0.004
[2.1, 15.0] 0.805, 0.816, -0.013
[2.1, 20.0] 0.854, 0.863, -0.011
[2.1, 25.0] 0.902, 0.912, -0.010
[2.1, 30.0] 0.952, 0.958, -0.006
[2.1, 40.0] 0.980, 0.982, -0.003
[2.1, 50.0] 0.987, 0.990, -0.003
[2.1, 60.0] 0.989, 0.992, -0.003
