ibin	Central	Staterr	Systerr	Totalerr  [MassRange]	[MassBin]	[TagIso]	[AltSig]   Syst/Stat
0	0.8353 	0.0025 	0.0185	0.0186	+0.0147	-0.0178	-0.0045	-0.0005	-0.0017	+0.0001	-0.0010	    	7.39
1	0.8456 	0.0053 	0.0122	0.0133	+0.0088	-0.0111	+0.0044	-0.0004	+0.0001	-0.0021	-0.0010	    	2.30
2	0.8526 	0.0023 	0.0059	0.0063	+0.0033	-0.0056	-0.0012	-0.0007	+0.0001	+0.0002	-0.0014	    	2.56
3	0.7989 	0.0043 	0.0063	0.0076	+0.0013	-0.0016	-0.0021	-0.0005	-0.0011	-0.0015	-0.0055	    	1.46
4	0.8630 	0.0018 	0.0200	0.0201	+0.0171	-0.0200	-0.0003	-0.0004	-0.0004	-0.0002	-0.0001	    	11.12
5	0.8700 	0.0029 	0.0172	0.0175	+0.0103	-0.0169	+0.0016	-0.0002	+0.0022	+0.0006	-0.0021	    	5.95
6	0.8681 	0.0015 	0.0127	0.0127	+0.0073	-0.0125	-0.0011	-0.0002	+0.0007	-0.0002	-0.0015	    	8.44
7	0.8145 	0.0028 	0.0051	0.0059	+0.0043	-0.0029	-0.0008	+0.0000	+0.0017	+0.0000	-0.0021	    	1.84
8	0.8811 	0.0011 	0.0173	0.0173	+0.0150	-0.0173	+0.0000	-0.0002	+0.0001	+0.0001	-0.0002	    	15.73
9	0.8793 	0.0011 	0.0159	0.0160	+0.0159	-0.0159	-0.0009	-0.0003	-0.0002	-0.0003	-0.0004	    	14.48
10	0.8827 	0.0006 	0.0113	0.0113	+0.0092	-0.0113	+0.0000	-0.0002	+0.0002	-0.0002	-0.0002	    	18.84
11	0.8319 	0.0019 	0.0060	0.0063	+0.0051	-0.0058	-0.0007	-0.0001	+0.0010	-0.0003	-0.0011	    	3.17
12	0.9087 	0.0003 	0.0099	0.0099	+0.0099	-0.0047	-0.0002	-0.0001	+0.0000	+0.0001	+0.0000	    	33.01
13	0.9023 	0.0013 	0.0103	0.0104	+0.0103	-0.0042	+0.0003	+0.0000	-0.0004	+0.0002	+0.0001	    	7.93
14	0.9056 	0.0008 	0.0077	0.0078	+0.0077	-0.0041	+0.0000	-0.0002	-0.0003	-0.0001	-0.0004	    	9.65
15	0.8532 	0.0016 	0.0030	0.0034	+0.0023	-0.0012	-0.0018	+0.0000	+0.0007	-0.0003	+0.0001	    	1.88
16	0.9436 	0.0002 	0.0012	0.0012	+0.0011	-0.0005	+0.0001	+0.0000	+0.0003	+0.0000	+0.0002	    	5.81
17	0.9388 	0.0004 	0.0009	0.0010	+0.0009	-0.0004	+0.0000	+0.0000	+0.0003	+0.0000	+0.0000	    	2.37
18	0.9323 	0.0004 	0.0013	0.0013	+0.0012	-0.0006	-0.0003	+0.0000	+0.0002	-0.0001	+0.0002	    	3.17
19	0.8738 	0.0010 	0.0017	0.0020	+0.0013	-0.0006	+0.0000	+0.0001	+0.0004	+0.0002	-0.0010	    	1.69
20	0.9648 	0.0004 	0.0004	0.0006	+0.0002	+0.0000	-0.0001	+0.0000	+0.0003	-0.0001	+0.0001	    	0.97
21	0.9634 	0.0003 	0.0005	0.0006	+0.0003	+0.0000	+0.0000	+0.0000	+0.0004	-0.0001	+0.0000	    	1.67
22	0.9531 	0.0002 	0.0004	0.0004	+0.0002	+0.0001	+0.0000	+0.0000	+0.0003	+0.0000	+0.0001	    	1.87
23	0.8867 	0.0006 	0.0005	0.0008	+0.0004	+0.0003	-0.0001	+0.0000	+0.0001	+0.0001	+0.0002	    	0.78
24	0.9659 	0.0002 	0.0008	0.0008	+0.0002	+0.0004	+0.0002	+0.0002	+0.0006	+0.0002	-0.0002	    	3.87
25	0.9648 	0.0008 	0.0007	0.0010	-0.0004	-0.0004	-0.0001	+0.0000	-0.0005	-0.0003	+0.0002	    	0.85
26	0.9531 	0.0004 	0.0011	0.0012	+0.0007	-0.0001	+0.0006	+0.0001	+0.0006	+0.0002	+0.0003	    	2.85
27	0.8835 	0.0014 	0.0019	0.0024	-0.0001	+0.0010	+0.0000	+0.0000	+0.0010	+0.0001	+0.0013	    	1.37
28	0.9657 	0.0005 	0.0008	0.0009	-0.0007	+0.0002	+0.0001	+0.0000	+0.0002	+0.0001	-0.0002	    	1.52
29	0.9623 	0.0009 	0.0008	0.0012	-0.0008	+0.0000	+0.0000	+0.0000	+0.0001	+0.0000	+0.0000	    	0.90
30	0.9517 	0.0007 	0.0006	0.0009	-0.0006	+0.0002	+0.0000	+0.0000	-0.0002	+0.0001	+0.0000	    	0.90
31	0.8982 	0.0024 	0.0019	0.0031	-0.0008	+0.0007	-0.0008	-0.0001	+0.0000	+0.0002	+0.0015	    	0.79
32	0.9629 	0.0040 	0.0021	0.0045	+0.0000	+0.0002	-0.0007	+0.0004	-0.0020	+0.0002	-0.0001	    	0.53
33	0.9614 	0.0080 	0.0032	0.0086	-0.0002	+0.0008	+0.0001	-0.0004	+0.0026	-0.0007	-0.0017	    	0.40
34	0.9454 	0.0054 	0.0063	0.0083	-0.0002	-0.0012	-0.0031	+0.0004	+0.0050	+0.0005	-0.0018	    	1.16
35	0.8762 	0.0253 	0.0258	0.0362	+0.0005	-0.0170	-0.0027	-0.0003	+0.0026	+0.0037	+0.0189	    	1.02
Average	error:	0.002378 (stat)	0.006451 (syst)	0.007261 (total)

TnP Configurations 
Event Selection(Data) : (probe_isTracker && tag_HLT_IsoMu24_v==1 && tag_pt > 26 && fabs(tag_eta) < 2.4 && (tag_pfIso04_charged + max(0, tag_pfIso04_neutral+tag_pfIso04_photon-(0.5*tag_pfIso04_sumPU)))/tag_pt < 0.2 && tag_isTight && 60 < pair_mass && pair_mass < 140 && pair_dR > 0.3 && pair_probeMultiplicity == 1) 
Event Selection(MC) : (probe_isTracker && tag_HLT_IsoMu24_v==1 && tag_pt > 26 && fabs(tag_eta) < 2.4 && (tag_pfIso04_charged + max(0, tag_pfIso04_neutral+tag_pfIso04_photon-(0.5*tag_pfIso04_sumPU)))/tag_pt < 0.2 && tag_isTight && 60 < pair_mass && pair_mass < 140 && pair_dR > 0.3 && pair_probeMultiplicity == 1)*(genWeight) 
Passing Probe Condtion : probe_CutBasedIdMedium && probe_miniIso_rhoAll < 0.1 && probe_iso03_sumPt/probe_pt < 0.4 && ( (probe_3DIPerrVTX>0 && probe_3DIPVTX/probe_3DIPerrVTX<3) || probe_3DIPerrVTX==0) && abs(probe_dz) < 0.1 
Input file(Data) : ['/gv0/Users/choij/TnPTrees/v220707/muon/Run2016_UL_HIPM/SingleMuon_2016a.root'] 
Input file(MC) : ['/gv0/Users/choij/TnPTrees/v220707/muon/Run2016_UL_HIPM/DYJetsToLL_M-50_TuneCP5_13TeV-madgraphMLM-pythia8.root'] 
Binnings : [{'var': 'fabs(probe_eta)', 'type': 'float', 'bins': [0.0, 0.9, 1.2, 2.1, 2.4], 'title': '|#eta_{SC}|'}, {'var': 'probe_pt', 'type': 'float', 'bins': [10.0, 15.0, 20.0, 25.0, 30.0, 40.0, 50.0, 60.0, 120.0, 200.0], 'title': 'p_{T}'}] 
