ibin	Central	Staterr	Systerr	Totalerr  [MassRange]	[MassBin]	[TagIso]	[AltSig]   Syst/Stat
0	0.8479 	0.0032 	0.0187	0.0190	+0.0121	-0.0182	-0.0044	-0.0003	+0.0001	-0.0006	+0.0001	    	5.85
1	0.8589 	0.0042 	0.0106	0.0114	+0.0083	-0.0098	+0.0038	-0.0003	-0.0014	-0.0005	-0.0001	    	2.52
2	0.8565 	0.0020 	0.0064	0.0067	+0.0058	-0.0063	-0.0008	+0.0001	+0.0007	-0.0001	+0.0005	    	3.20
3	0.7966 	0.0037 	0.0044	0.0057	+0.0030	-0.0034	-0.0017	+0.0000	+0.0021	-0.0004	+0.0006	    	1.18
4	0.8720 	0.0017 	0.0219	0.0220	+0.0155	-0.0208	-0.0005	-0.0002	-0.0001	-0.0004	-0.0069	    	12.90
5	0.8848 	0.0015 	0.0144	0.0145	+0.0114	-0.0144	+0.0009	-0.0002	-0.0001	-0.0002	-0.0007	    	9.63
6	0.8829 	0.0013 	0.0117	0.0117	+0.0082	-0.0116	-0.0007	-0.0001	+0.0003	-0.0001	-0.0010	    	8.98
7	0.8178 	0.0012 	0.0065	0.0066	+0.0057	-0.0060	-0.0004	+0.0001	+0.0022	-0.0005	-0.0011	    	5.41
8	0.8934 	0.0010 	0.0163	0.0163	+0.0136	-0.0153	+0.0001	-0.0001	-0.0002	+0.0001	-0.0056	    	16.29
9	0.8996 	0.0017 	0.0133	0.0134	+0.0127	-0.0133	-0.0003	-0.0002	+0.0001	+0.0000	-0.0008	    	7.84
10	0.9013 	0.0009 	0.0098	0.0099	+0.0088	-0.0098	+0.0002	-0.0002	-0.0001	-0.0004	-0.0005	    	10.91
11	0.8386 	0.0018 	0.0059	0.0062	+0.0047	-0.0056	-0.0005	+0.0000	+0.0012	-0.0003	-0.0014	    	3.29
12	0.9180 	0.0005 	0.0097	0.0097	+0.0097	-0.0042	-0.0001	+0.0000	-0.0003	+0.0000	-0.0001	    	19.41
13	0.9180 	0.0007 	0.0110	0.0110	+0.0110	-0.0038	+0.0002	+0.0000	-0.0003	+0.0003	+0.0001	    	15.72
14	0.9187 	0.0006 	0.0078	0.0078	+0.0078	-0.0030	+0.0002	-0.0001	+0.0001	-0.0001	+0.0000	    	13.01
15	0.8636 	0.0050 	0.0033	0.0060	+0.0016	-0.0024	-0.0009	+0.0000	+0.0009	-0.0002	-0.0019	    	0.66
16	0.9523 	0.0003 	0.0011	0.0011	+0.0010	-0.0004	+0.0000	-0.0001	+0.0001	-0.0001	-0.0004	    	3.62
17	0.9499 	0.0004 	0.0019	0.0019	+0.0018	-0.0005	+0.0000	-0.0001	+0.0002	+0.0000	-0.0004	    	4.64
18	0.9432 	0.0003 	0.0012	0.0013	+0.0011	-0.0005	-0.0002	+0.0000	+0.0001	-0.0001	-0.0005	    	4.10
19	0.8835 	0.0006 	0.0019	0.0020	+0.0016	-0.0004	-0.0005	-0.0001	+0.0003	-0.0003	-0.0008	    	3.14
20	0.9718 	0.0004 	0.0003	0.0005	+0.0001	-0.0001	-0.0001	+0.0000	+0.0002	-0.0001	-0.0001	    	0.66
21	0.9732 	0.0002 	0.0004	0.0005	+0.0003	-0.0001	+0.0000	+0.0000	+0.0003	-0.0001	+0.0000	    	2.12
22	0.9614 	0.0002 	0.0004	0.0004	+0.0002	-0.0001	+0.0000	+0.0000	+0.0003	-0.0001	+0.0000	    	1.80
23	0.8992 	0.0007 	0.0006	0.0009	-0.0002	-0.0002	-0.0001	-0.0001	-0.0001	-0.0003	-0.0005	    	0.89
24	0.9744 	0.0003 	0.0002	0.0004	+0.0001	+0.0000	+0.0002	-0.0001	+0.0001	-0.0001	+0.0000	    	0.82
25	0.9747 	0.0005 	0.0005	0.0007	+0.0003	-0.0001	+0.0001	+0.0000	+0.0004	+0.0000	+0.0000	    	1.02
26	0.9634 	0.0004 	0.0007	0.0008	+0.0005	+0.0000	+0.0003	+0.0000	+0.0003	+0.0000	+0.0000	    	1.64
27	0.9002 	0.0013 	0.0061	0.0063	+0.0001	+0.0004	+0.0000	+0.0001	+0.0061	+0.0001	+0.0002	    	4.71
28	0.9742 	0.0004 	0.0002	0.0005	+0.0000	+0.0002	+0.0001	+0.0000	+0.0001	+0.0000	+0.0000	    	0.61
29	0.9734 	0.0008 	0.0004	0.0009	-0.0001	+0.0003	+0.0000	+0.0000	+0.0003	+0.0001	+0.0000	    	0.53
30	0.9624 	0.0006 	0.0005	0.0008	-0.0001	+0.0004	+0.0002	+0.0000	+0.0002	-0.0002	+0.0000	    	0.82
31	0.9060 	0.0022 	0.0022	0.0031	-0.0018	+0.0012	-0.0009	+0.0000	+0.0007	-0.0002	+0.0003	    	0.98
32	0.9736 	0.0033 	0.0027	0.0043	+0.0001	-0.0001	-0.0003	+0.0015	+0.0020	+0.0006	-0.0010	    	0.82
33	0.9586 	0.0083 	0.0021	0.0086	-0.0002	-0.0005	+0.0012	-0.0005	-0.0016	+0.0002	+0.0001	    	0.25
34	0.9668 	0.0053 	0.0075	0.0092	+0.0010	+0.0006	-0.0027	+0.0000	-0.0007	+0.0003	-0.0069	    	1.42
35	0.9425 	0.0248 	0.0146	0.0288	+0.0122	-0.0021	+0.0009	+0.0001	-0.0039	+0.0066	+0.0046	    	0.59
Average	error:	0.002286 (stat)	0.006037 (syst)	0.006967 (total)

TnP Configurations 
Event Selection(Data) : (probe_isTracker && tag_HLT_IsoMu24_v==1 && tag_pt > 26 && fabs(tag_eta) < 2.4 && (tag_pfIso04_charged + max(0, tag_pfIso04_neutral+tag_pfIso04_photon-(0.5*tag_pfIso04_sumPU)))/tag_pt < 0.2 && tag_isTight && 60 < pair_mass && pair_mass < 140 && pair_dR > 0.3 && pair_probeMultiplicity == 1) 
Event Selection(MC) : (probe_isTracker && tag_HLT_IsoMu24_v==1 && tag_pt > 26 && fabs(tag_eta) < 2.4 && (tag_pfIso04_charged + max(0, tag_pfIso04_neutral+tag_pfIso04_photon-(0.5*tag_pfIso04_sumPU)))/tag_pt < 0.2 && tag_isTight && 60 < pair_mass && pair_mass < 140 && pair_dR > 0.3 && pair_probeMultiplicity == 1)*(genWeight) 
Passing Probe Condtion : probe_CutBasedIdMedium && probe_miniIso_rhoAll < 0.1 && probe_iso03_sumPt/probe_pt < 0.4 && ( (probe_3DIPerrVTX>0 && probe_3DIPVTX/probe_3DIPerrVTX<3) || probe_3DIPerrVTX==0) && abs(probe_dz) < 0.1 
Input file(Data) : ['/gv0/Users/choij/TnPTrees/v220707/muon/Run2016_UL_HIPM/SingleMuon_2016a.root'] 
Input file(MC) : ['/gv0/Users/choij/TnPTrees/v220707/muon/Run2016_UL_HIPM/DYJetsToLL_M-50_TuneCP5_13TeV-madgraphMLM-pythia8.root'] 
Binnings : [{'var': 'fabs(probe_eta)', 'type': 'float', 'bins': [0.0, 0.9, 1.2, 2.1, 2.4], 'title': '|#eta_{SC}|'}, {'var': 'probe_pt', 'type': 'float', 'bins': [10.0, 15.0, 20.0, 25.0, 30.0, 40.0, 50.0, 60.0, 120.0, 200.0], 'title': 'p_{T}'}] 
