ibin	Central	Staterr	Systerr	Totalerr  [MassRange]	[MassBin]	[TagIso]	[AltSig]   Syst/Stat
0	0.8476 	0.0017 	0.0158	0.0159	+0.0106	-0.0158	-0.0007	-0.0002	-0.0008	-0.0001	+0.0000	    	9.32
1	0.8591 	0.0014 	0.0107	0.0108	+0.0065	-0.0106	-0.0015	-0.0002	+0.0000	-0.0004	+0.0000	    	7.65
2	0.8627 	0.0012 	0.0078	0.0079	+0.0049	-0.0077	+0.0002	-0.0002	+0.0000	-0.0002	-0.0010	    	6.47
3	0.8210 	0.0023 	0.0043	0.0049	+0.0015	-0.0042	+0.0001	-0.0001	+0.0009	-0.0003	-0.0001	    	1.87
4	0.8751 	0.0009 	0.0182	0.0182	+0.0134	-0.0182	-0.0007	-0.0002	-0.0001	-0.0002	-0.0003	    	20.24
5	0.8866 	0.0015 	0.0143	0.0144	+0.0104	-0.0143	+0.0001	-0.0004	-0.0003	-0.0004	-0.0010	    	9.56
6	0.8881 	0.0008 	0.0105	0.0106	+0.0079	-0.0105	+0.0002	-0.0002	+0.0000	-0.0003	-0.0007	    	13.16
7	0.8425 	0.0014 	0.0096	0.0097	+0.0081	-0.0032	+0.0036	+0.0037	+0.0009	+0.0036	-0.0001	    	6.86
8	0.8946 	0.0002 	0.0137	0.0137	+0.0131	-0.0137	+0.0000	+0.0002	+0.0001	+0.0002	+0.0000	    	68.51
9	0.9017 	0.0011 	0.0155	0.0156	+0.0120	-0.0148	-0.0004	-0.0004	-0.0003	-0.0002	-0.0047	    	14.12
10	0.9070 	0.0007 	0.0099	0.0099	+0.0081	-0.0099	+0.0005	-0.0002	-0.0003	-0.0002	-0.0003	    	14.17
11	0.8664 	0.0012 	0.0063	0.0064	+0.0054	-0.0057	-0.0026	-0.0002	-0.0004	-0.0004	-0.0004	    	5.24
12	0.9257 	0.0003 	0.0064	0.0064	+0.0064	-0.0042	+0.0001	-0.0001	-0.0003	-0.0001	+0.0000	    	21.36
13	0.9202 	0.0006 	0.0072	0.0073	+0.0072	-0.0038	-0.0004	+0.0000	-0.0004	+0.0000	-0.0003	    	12.05
14	0.9253 	0.0005 	0.0071	0.0071	+0.0071	-0.0030	+0.0000	-0.0002	-0.0001	-0.0002	-0.0004	    	14.23
15	0.8867 	0.0008 	0.0042	0.0043	+0.0042	-0.0018	-0.0005	-0.0001	+0.0002	-0.0001	-0.0003	    	5.31
16	0.9587 	0.0001 	0.0013	0.0013	+0.0013	-0.0005	+0.0001	+0.0000	+0.0001	+0.0000	-0.0001	    	13.11
17	0.9526 	0.0002 	0.0021	0.0021	+0.0021	-0.0003	-0.0001	+0.0001	+0.0002	+0.0001	+0.0000	    	10.56
18	0.9492 	0.0001 	0.0020	0.0020	+0.0019	-0.0009	-0.0001	-0.0002	+0.0001	-0.0001	-0.0004	    	19.54
19	0.9040 	0.0004 	0.0014	0.0015	+0.0013	-0.0006	+0.0000	-0.0001	+0.0003	-0.0002	-0.0004	    	3.49
20	0.9781 	0.0003 	0.0002	0.0003	+0.0000	-0.0001	+0.0000	-0.0001	+0.0001	-0.0001	+0.0000	    	0.58
21	0.9758 	0.0001 	0.0003	0.0003	+0.0002	-0.0001	+0.0000	+0.0000	+0.0002	+0.0000	+0.0000	    	2.83
22	0.9665 	0.0002 	0.0003	0.0004	+0.0002	-0.0001	-0.0001	+0.0000	+0.0002	-0.0001	+0.0000	    	1.50
23	0.9151 	0.0009 	0.0004	0.0010	+0.0002	+0.0000	-0.0001	+0.0000	+0.0003	+0.0000	+0.0000	    	0.42
24	0.9802 	0.0001 	0.0003	0.0003	+0.0001	-0.0002	-0.0001	-0.0001	+0.0000	-0.0001	-0.0001	    	2.65
25	0.9779 	0.0003 	0.0004	0.0005	+0.0003	-0.0002	-0.0001	+0.0000	+0.0002	+0.0000	-0.0002	    	1.41
26	0.9674 	0.0002 	0.0011	0.0012	+0.0001	-0.0003	-0.0001	+0.0000	+0.0000	-0.0001	-0.0011	    	5.74
27	0.9124 	0.0008 	0.0008	0.0011	+0.0002	-0.0001	+0.0007	-0.0001	+0.0002	-0.0001	+0.0000	    	0.94
28	0.9808 	0.0002 	0.0002	0.0003	+0.0002	-0.0001	+0.0000	+0.0000	+0.0001	+0.0000	+0.0000	    	1.12
29	0.9764 	0.0004 	0.0022	0.0022	+0.0004	-0.0003	-0.0013	-0.0013	+0.0000	-0.0012	-0.0012	    	5.44
30	0.9665 	0.0003 	0.0007	0.0008	+0.0002	-0.0006	-0.0003	+0.0000	+0.0003	-0.0001	+0.0000	    	2.45
31	0.9094 	0.0013 	0.0010	0.0016	+0.0002	+0.0005	-0.0008	+0.0000	-0.0001	+0.0000	+0.0002	    	0.75
32	0.9824 	0.0012 	0.0005	0.0013	-0.0001	-0.0003	+0.0004	+0.0000	+0.0002	-0.0001	+0.0000	    	0.45
33	0.9704 	0.0024 	0.0017	0.0030	+0.0006	+0.0003	+0.0016	+0.0001	+0.0003	-0.0002	+0.0001	    	0.72
34	0.9630 	0.0024 	0.0024	0.0034	+0.0006	+0.0002	+0.0018	+0.0003	+0.0009	+0.0005	-0.0011	    	0.99
35	0.9178 	0.0110 	0.0041	0.0117	+0.0029	-0.0016	+0.0014	+0.0003	-0.0005	-0.0019	-0.0017	    	0.37
Average	error:	0.001097 (stat)	0.005142 (syst)	0.005538 (total)

TnP Configurations 
Event Selection(Data) : (probe_isTracker && tag_HLT_IsoMu24_v==1 && tag_pt > 26 && fabs(tag_eta) < 2.4 && (tag_pfIso04_charged + max(0, tag_pfIso04_neutral+tag_pfIso04_photon-(0.5*tag_pfIso04_sumPU)))/tag_pt < 0.2 && tag_isTight && 60 < pair_mass && pair_mass < 140 && pair_dR > 0.3 && pair_probeMultiplicity == 1) 
Event Selection(MC) : (probe_isTracker && tag_HLT_IsoMu24_v==1 && tag_pt > 26 && fabs(tag_eta) < 2.4 && (tag_pfIso04_charged + max(0, tag_pfIso04_neutral+tag_pfIso04_photon-(0.5*tag_pfIso04_sumPU)))/tag_pt < 0.2 && tag_isTight && 60 < pair_mass && pair_mass < 140 && pair_dR > 0.3 && pair_probeMultiplicity == 1) 
Passing Probe Condtion : probe_isMedium && probe_miniIso_rhoAll < 0.1 && probe_iso03_sumPt/probe_pt < 0.4 && ( (probe_3DIPerrVTX>0 && probe_3DIPVTX/probe_3DIPerrVTX<3) || probe_3DIPerrVTX==0) && abs(probe_dz) < 0.1 
Input file(Data) : ['/gv0/Users/choij/TnPTrees/muon/Run2016_UL/SingleMuon_2016b.root'] 
Input file(MC) : ['/gv0/Users/choij/TnPTrees/muon/Run2016_UL/DYJetsToMuMu_M-50_TuneCP5_13TeV-powhegMiNNLO-pythia8-photos.root'] 
Binnings : [{'var': 'fabs(probe_eta)', 'type': 'float', 'bins': [0.0, 0.9, 1.2, 2.1, 2.4], 'title': '|#eta_{SC}|'}, {'var': 'probe_pt', 'type': 'float', 'bins': [10.0, 15.0, 20.0, 25.0, 30.0, 40.0, 50.0, 60.0, 120.0, 200.0], 'title': 'p_{T}'}] 
