ibin	Central	Staterr	Systerr	Totalerr  [MassRange]	[MassBin]	[TagIso]	[AltSig]   Syst/Stat
0	0.8275 	0.0065 	0.0186	0.0197	+0.0121	-0.0185	-0.0005	-0.0004	-0.0003	-0.0014	+0.0000	    	2.86
1	0.8448 	0.0030 	0.0133	0.0137	+0.0073	-0.0130	-0.0016	-0.0005	-0.0023	-0.0007	-0.0011	    	4.45
2	0.8523 	0.0023 	0.0082	0.0085	+0.0048	-0.0064	-0.0009	-0.0001	-0.0004	-0.0010	-0.0050	    	3.58
3	0.7931 	0.0047 	0.0043	0.0064	+0.0008	-0.0022	+0.0006	+0.0015	+0.0034	+0.0020	+0.0002	    	0.92
4	0.8570 	0.0011 	0.0205	0.0206	+0.0159	-0.0205	-0.0010	-0.0002	+0.0006	+0.0000	+0.0000	    	18.67
5	0.8706 	0.0029 	0.0155	0.0158	+0.0124	-0.0155	+0.0005	-0.0004	+0.0004	-0.0002	-0.0008	    	5.36
6	0.8729 	0.0015 	0.0108	0.0109	+0.0089	-0.0107	+0.0001	-0.0002	-0.0011	+0.0000	-0.0013	    	7.22
7	0.8137 	0.0031 	0.0073	0.0079	+0.0050	-0.0070	-0.0004	+0.0001	+0.0012	+0.0003	-0.0016	    	2.35
8	0.8831 	0.0011 	0.0151	0.0152	+0.0140	-0.0150	-0.0012	-0.0004	-0.0011	-0.0015	+0.0000	    	13.75
9	0.8845 	0.0020 	0.0164	0.0165	+0.0140	-0.0163	-0.0012	-0.0002	-0.0015	-0.0002	+0.0000	    	8.21
10	0.8903 	0.0010 	0.0114	0.0114	+0.0081	-0.0114	+0.0003	-0.0001	-0.0001	-0.0002	+0.0000	    	11.41
11	0.8326 	0.0022 	0.0068	0.0071	+0.0063	-0.0065	-0.0014	-0.0001	+0.0013	-0.0004	+0.0000	    	3.08
12	0.9103 	0.0006 	0.0092	0.0092	+0.0092	-0.0027	+0.0002	-0.0001	-0.0007	-0.0002	+0.0000	    	15.38
13	0.9064 	0.0010 	0.0100	0.0101	+0.0100	-0.0027	+0.0002	+0.0001	+0.0003	+0.0001	+0.0001	    	10.01
14	0.9079 	0.0007 	0.0084	0.0084	+0.0084	-0.0036	+0.0001	+0.0001	+0.0000	+0.0001	+0.0000	    	12.00
15	0.8534 	0.0025 	0.0042	0.0049	+0.0042	-0.0023	-0.0003	+0.0000	+0.0000	+0.0004	+0.0000	    	1.69
16	0.9480 	0.0002 	0.0009	0.0009	+0.0009	-0.0002	+0.0000	+0.0000	+0.0000	-0.0001	+0.0000	    	4.53
17	0.9423 	0.0004 	0.0009	0.0010	+0.0009	+0.0001	+0.0000	+0.0000	+0.0001	+0.0000	+0.0000	    	2.26
18	0.9370 	0.0003 	0.0012	0.0013	+0.0012	-0.0001	-0.0001	+0.0000	+0.0003	+0.0000	+0.0000	    	4.14
19	0.8753 	0.0008 	0.0010	0.0013	+0.0009	-0.0004	+0.0001	+0.0000	+0.0004	+0.0000	+0.0000	    	1.24
20	0.9685 	0.0001 	0.0002	0.0002	+0.0001	+0.0000	+0.0000	+0.0000	+0.0002	+0.0000	+0.0000	    	2.24
21	0.9660 	0.0002 	0.0002	0.0003	+0.0001	-0.0001	+0.0000	+0.0000	+0.0002	-0.0001	+0.0000	    	1.12
22	0.9565 	0.0003 	0.0004	0.0005	+0.0002	-0.0001	+0.0000	+0.0000	+0.0003	-0.0001	+0.0001	    	1.25
23	0.8872 	0.0032 	0.0005	0.0032	+0.0000	-0.0001	-0.0002	+0.0000	+0.0005	+0.0000	+0.0000	    	0.17
24	0.9706 	0.0003 	0.0004	0.0005	+0.0003	-0.0002	-0.0002	-0.0001	+0.0001	-0.0002	+0.0000	    	1.37
25	0.9682 	0.0005 	0.0004	0.0007	+0.0002	-0.0001	+0.0000	+0.0000	+0.0004	+0.0000	+0.0000	    	0.89
26	0.9571 	0.0005 	0.0005	0.0007	+0.0004	-0.0001	-0.0002	+0.0000	+0.0002	-0.0001	+0.0000	    	0.98
27	0.8843 	0.0015 	0.0015	0.0021	+0.0010	+0.0002	+0.0009	-0.0001	+0.0006	-0.0001	+0.0003	    	1.00
28	0.9721 	0.0004 	0.0003	0.0005	+0.0003	-0.0002	-0.0001	+0.0001	-0.0001	+0.0000	+0.0000	    	0.83
29	0.9673 	0.0009 	0.0009	0.0013	+0.0007	-0.0004	-0.0001	+0.0001	-0.0001	+0.0001	+0.0005	    	0.97
30	0.9565 	0.0007 	0.0007	0.0010	+0.0003	-0.0006	-0.0003	+0.0000	+0.0003	+0.0000	+0.0001	    	1.06
31	0.8797 	0.0024 	0.0111	0.0114	+0.0003	-0.0002	+0.0072	+0.0001	+0.0082	+0.0084	+0.0010	    	4.63
32	0.9748 	0.0029 	0.0033	0.0044	+0.0008	-0.0005	+0.0003	+0.0001	+0.0003	-0.0005	-0.0031	    	1.12
33	0.9653 	0.0059 	0.0065	0.0088	-0.0011	-0.0018	-0.0005	-0.0003	-0.0013	-0.0023	-0.0058	    	1.10
34	0.9470 	0.0042 	0.0041	0.0059	+0.0019	-0.0001	+0.0016	+0.0004	+0.0023	+0.0007	-0.0024	    	0.99
35	0.8828 	0.0199 	0.0091	0.0219	+0.0024	-0.0008	+0.0014	-0.0003	+0.0072	+0.0008	-0.0048	    	0.46
Average	error:	0.002272 (stat)	0.006238 (syst)	0.007063 (total)

TnP Configurations 
Event Selection(Data) : (probe_isTracker && tag_HLT_IsoMu24_v==1 && tag_pt > 26 && fabs(tag_eta) < 2.4 && (tag_pfIso04_charged + max(0, tag_pfIso04_neutral+tag_pfIso04_photon-(0.5*tag_pfIso04_sumPU)))/tag_pt < 0.2 && tag_isTight && 60 < pair_mass && pair_mass < 140 && pair_dR > 0.3 && pair_probeMultiplicity == 1) 
Event Selection(MC) : (probe_isTracker && tag_HLT_IsoMu24_v==1 && tag_pt > 26 && fabs(tag_eta) < 2.4 && (tag_pfIso04_charged + max(0, tag_pfIso04_neutral+tag_pfIso04_photon-(0.5*tag_pfIso04_sumPU)))/tag_pt < 0.2 && tag_isTight && 60 < pair_mass && pair_mass < 140 && pair_dR > 0.3 && pair_probeMultiplicity == 1) 
Passing Probe Condtion : probe_isMedium && probe_miniIso_rhoAll < 0.1 && probe_iso03_sumPt/probe_pt < 0.4 && ( (probe_3DIPerrVTX>0 && probe_3DIPVTX/probe_3DIPerrVTX<3) || probe_3DIPerrVTX==0) && abs(probe_dz) < 0.1 
Input file(Data) : ['/gv0/Users/choij/TnPTrees/muon/Run2016_UL/SingleMuon_2016b.root'] 
Input file(MC) : ['/gv0/Users/choij/TnPTrees/muon/Run2016_UL/DYJetsToMuMu_M-50_TuneCP5_13TeV-powhegMiNNLO-pythia8-photos.root'] 
Binnings : [{'var': 'fabs(probe_eta)', 'type': 'float', 'bins': [0.0, 0.9, 1.2, 2.1, 2.4], 'title': '|#eta_{SC}|'}, {'var': 'probe_pt', 'type': 'float', 'bins': [10.0, 15.0, 20.0, 25.0, 30.0, 40.0, 50.0, 60.0, 120.0, 200.0], 'title': 'p_{T}'}] 
