ibin	Central	Staterr	Systerr	Totalerr  [MassRange]	[MassBin]	[TagIso]	[AltSig]   Syst/Stat
0	0.0000 	0.0000 	0.0000	0.0000	+0.0000	+0.0000	+0.0000	+0.0000	+0.0000	+0.0000	+0.0000	    
1	0.0010 	0.0002 	0.0000	0.0002	+0.0000	+0.0000	+0.0000	+0.0000	+0.0000	+0.0000	+0.0000	    	0.00
2	0.0006 	0.0001 	0.0002	0.0002	+0.0000	+0.0001	+0.0001	+0.0001	+0.0000	+0.0000	+0.0001	    	1.73
3	0.0012 	0.0002 	0.0001	0.0002	+0.0001	+0.0001	+0.0000	+0.0000	+0.0000	+0.0000	+0.0000	    	0.50
4	0.0003 	0.0002 	0.0000	0.0002	+0.0000	+0.0000	+0.0000	+0.0000	+0.0000	+0.0000	+0.0000	    	0.00
5	0.0023 	0.0003 	0.0004	0.0005	+0.0002	+0.0000	+0.0000	+0.0000	+0.0001	+0.0001	+0.0003	    	1.25
6	0.0047 	0.0003 	0.0007	0.0007	-0.0003	+0.0002	+0.0000	+0.0000	+0.0001	-0.0001	+0.0006	    	2.26
7	0.0142 	0.0008 	0.0010	0.0013	-0.0001	+0.0002	-0.0009	+0.0001	+0.0002	+0.0000	+0.0003	    	1.24
8	0.4830 	0.0016 	0.0023	0.0028	+0.0006	+0.0007	+0.0022	-0.0001	+0.0000	-0.0001	-0.0002	    	1.45
9	0.4976 	0.0028 	0.0031	0.0041	-0.0021	-0.0015	-0.0021	-0.0001	+0.0000	-0.0001	-0.0007	    	1.09
10	0.4660 	0.0017 	0.0014	0.0022	+0.0000	-0.0005	+0.0005	+0.0001	-0.0006	-0.0004	-0.0011	    	0.85
11	0.3940 	0.0031 	0.0083	0.0089	-0.0003	+0.0003	+0.0010	+0.0001	-0.0007	+0.0008	+0.0082	    	2.68
12	0.9255 	0.0007 	0.0014	0.0015	+0.0009	-0.0003	-0.0010	+0.0000	+0.0000	-0.0002	+0.0000	    	1.94
13	0.9238 	0.0013 	0.0011	0.0017	-0.0004	-0.0001	+0.0009	+0.0002	-0.0004	+0.0002	+0.0002	    	0.83
14	0.8965 	0.0009 	0.0008	0.0012	+0.0000	+0.0004	-0.0004	+0.0000	+0.0003	+0.0000	+0.0004	    	0.84
15	0.7695 	0.0024 	0.0020	0.0031	-0.0010	+0.0000	-0.0014	+0.0002	+0.0002	-0.0006	+0.0009	    	0.85
16	0.9269 	0.0003 	0.0003	0.0004	+0.0000	+0.0001	+0.0003	+0.0000	+0.0000	-0.0001	+0.0000	    	1.11
17	0.9311 	0.0006 	0.0006	0.0009	-0.0005	+0.0003	+0.0000	+0.0001	+0.0002	+0.0000	+0.0003	    	1.04
18	0.9175 	0.0004 	0.0023	0.0023	+0.0003	-0.0001	+0.0004	+0.0000	+0.0001	-0.0002	-0.0022	    	5.66
19	0.8296 	0.0011 	0.0014	0.0018	-0.0002	+0.0009	+0.0008	-0.0001	+0.0000	-0.0001	+0.0008	    	1.32
20	0.9278 	0.0002 	0.0003	0.0004	-0.0002	+0.0000	-0.0001	-0.0001	-0.0002	-0.0001	+0.0000	    	1.50
21	0.9340 	0.0004 	0.0004	0.0005	+0.0002	+0.0002	+0.0001	+0.0000	+0.0002	-0.0001	+0.0002	    	0.90
22	0.9249 	0.0003 	0.0020	0.0020	+0.0000	-0.0001	+0.0000	+0.0000	+0.0002	-0.0001	-0.0020	    	6.71
23	0.8522 	0.0008 	0.0025	0.0026	+0.0006	-0.0008	-0.0005	+0.0000	-0.0002	+0.0000	+0.0023	    	3.12
24	0.9270 	0.0001 	0.0001	0.0002	+0.0001	+0.0001	+0.0001	+0.0000	+0.0000	+0.0000	+0.0000	    	1.41
25	0.9358 	0.0002 	0.0002	0.0003	+0.0000	+0.0000	+0.0001	+0.0000	+0.0001	+0.0000	-0.0001	    	0.87
26	0.9295 	0.0001 	0.0002	0.0002	+0.0000	-0.0001	+0.0000	+0.0000	+0.0000	-0.0001	-0.0001	    	1.73
27	0.8751 	0.0004 	0.0002	0.0004	+0.0001	-0.0001	-0.0001	+0.0001	+0.0001	-0.0001	-0.0001	    	0.50
28	0.9256 	0.0001 	0.0001	0.0001	+0.0000	+0.0000	+0.0001	+0.0000	+0.0000	+0.0000	+0.0000	    	1.00
29	0.9361 	0.0002 	0.0002	0.0003	+0.0000	+0.0001	+0.0000	+0.0000	+0.0001	+0.0000	+0.0001	    	0.87
30	0.9346 	0.0001 	0.0001	0.0002	+0.0000	+0.0000	+0.0000	+0.0000	+0.0001	+0.0000	+0.0001	    	1.41
31	0.8895 	0.0003 	0.0002	0.0004	+0.0002	+0.0001	+0.0000	+0.0000	+0.0001	+0.0000	+0.0000	    	0.75
32	0.9222 	0.0002 	0.0002	0.0003	-0.0001	+0.0000	-0.0001	+0.0000	+0.0000	+0.0000	-0.0002	    	1.22
33	0.9346 	0.0003 	0.0005	0.0006	-0.0001	+0.0001	+0.0004	+0.0000	+0.0002	-0.0001	+0.0001	    	1.56
34	0.9379 	0.0002 	0.0002	0.0003	+0.0002	+0.0000	+0.0000	+0.0000	+0.0001	-0.0001	-0.0001	    	1.22
35	0.8963 	0.0005 	0.0011	0.0012	-0.0001	+0.0001	-0.0003	+0.0000	+0.0000	+0.0000	+0.0011	    	2.29
36	0.9117 	0.0010 	0.0014	0.0017	-0.0005	-0.0001	-0.0004	+0.0001	+0.0001	-0.0001	-0.0012	    	1.36
37	0.9232 	0.0017 	0.0013	0.0021	+0.0005	+0.0005	+0.0008	-0.0002	+0.0009	-0.0001	+0.0000	    	0.77
38	0.9384 	0.0011 	0.0010	0.0015	+0.0005	-0.0005	-0.0007	+0.0002	-0.0005	-0.0001	+0.0001	    	0.91
39	0.8940 	0.0035 	0.0079	0.0087	-0.0023	+0.0013	-0.0029	+0.0002	-0.0013	-0.0012	+0.0069	    	2.27
Average	error:	0.000768 (stat)	0.001188 (syst)	0.001459 (total)

TnP Configurations 
Event Selection(Data) : ( (probe_isMedium && probe_miniIso_rhoAll < 0.1 && probe_iso03_sumPt/probe_pt < 0.4 && ( (probe_3DIPerrVTX > 0 && probe_3DIPVTX/probe_3DIPerrVTX < 3) || probe_3DIPerrVTX == 0) ) && tag_isTight && tag_HLT_IsoMu27_v==1 && tag_pt > 29 && fabs(tag_eta) < 2.4 && (tag_pfIso04_charged + max(0, tag_pfIso04_neutral+tag_pfIso04_photon-(0.5*tag_pfIso04_sumPU)))/tag_pt < 0.15 && 60 < pair_mass && pair_mass < 140 && pair_dR > 0.3) 
Event Selection(MC) : ( (probe_isMedium && probe_miniIso_rhoAll < 0.1 && probe_iso03_sumPt/probe_pt < 0.4 && ( (probe_3DIPerrVTX > 0 && probe_3DIPVTX/probe_3DIPerrVTX < 3) || probe_3DIPerrVTX == 0) ) && tag_isTight && tag_HLT_IsoMu27_v==1 && tag_pt > 29 && fabs(tag_eta) < 2.4 && (tag_pfIso04_charged + max(0, tag_pfIso04_neutral+tag_pfIso04_photon-(0.5*tag_pfIso04_sumPU)))/tag_pt < 0.15 && 60 < pair_mass && pair_mass < 140 && pair_dR > 0.3)*(genWeight) 
Passing Probe Condtion : (probe_isMedium && probe_miniIso_rhoAll < 0.1 && probe_iso03_sumPt/probe_pt < 0.4 && ( (probe_3DIPerrVTX > 0 && probe_3DIPVTX/probe_3DIPerrVTX < 3) || probe_3DIPerrVTX == 0) ) && probe_hltL3fL1DoubleMu155fFiltered17_dr<0.3 && probe_hltDiMuon178RelTrkIsoFiltered0p4_dr<0.3 
Input file(Data) : ['/gv0/Users/choij/TnPTrees/v220707/muon/Run2017_UL/SingleMuon_2017.root'] 
Input file(MC) : ['/gv0/Users/choij/TnPTrees/v220707/muon/Run2017_UL/DYJetsToLL_M-50_TuneCP5_13TeV-madgraphMLM-pythia8.root'] 
Binnings : [{'var': 'fabs(probe_eta)', 'type': 'float', 'bins': [0.0, 0.9, 1.2, 2.1, 2.4], 'title': '|#eta_{SC}|'}, {'var': 'probe_pt', 'type': 'float', 'bins': [10.0, 14.0, 16.0, 18.0, 20.0, 25.0, 30.0, 40.0, 50.0, 100.0, 200.0], 'title': 'p_{T}'}] 
