ibin	Central	Staterr	Systerr	Totalerr  [MassRange]	[MassBin]	[TagIso]	[AltSig]   Syst/Stat
0	0.0001 	0.0001 	0.0000	0.0001	+0.0000	+0.0000	+0.0000	+0.0000	+0.0000	+0.0000	+0.0000	    	0.00
1	0.0006 	0.0002 	0.0001	0.0002	+0.0001	+0.0001	+0.0000	+0.0000	+0.0001	+0.0001	+0.0000	    	0.71
2	0.0004 	0.0001 	0.0000	0.0001	+0.0000	+0.0000	+0.0000	+0.0000	+0.0000	+0.0000	+0.0000	    	0.00
3	0.0008 	0.0002 	0.0003	0.0004	+0.0003	+0.0000	+0.0000	+0.0000	-0.0001	+0.0000	+0.0001	    	1.66
4	0.0005 	0.0001 	0.0001	0.0002	+0.0001	+0.0000	+0.0000	+0.0000	+0.0000	+0.0001	+0.0000	    	1.41
5	0.0025 	0.0005 	0.0009	0.0010	-0.0007	-0.0001	-0.0005	-0.0001	-0.0001	-0.0001	+0.0002	    	1.78
6	0.0021 	0.0003 	0.0007	0.0007	-0.0003	+0.0001	+0.0001	+0.0000	+0.0000	+0.0000	+0.0006	    	2.26
7	0.0036 	0.0007 	0.0002	0.0007	+0.0000	+0.0000	+0.0000	+0.0001	+0.0001	+0.0001	+0.0001	    	0.25
8	0.5160 	0.0024 	0.0025	0.0035	-0.0018	-0.0009	-0.0017	+0.0001	-0.0004	+0.0002	+0.0002	    	1.05
9	0.5165 	0.0042 	0.0027	0.0050	+0.0000	+0.0006	-0.0008	+0.0000	+0.0005	+0.0004	-0.0025	    	0.65
10	0.4946 	0.0025 	0.0022	0.0033	-0.0021	-0.0021	-0.0003	+0.0001	-0.0004	+0.0002	+0.0000	    	0.86
11	0.4568 	0.0046 	0.0035	0.0058	-0.0003	+0.0007	-0.0002	+0.0001	+0.0033	+0.0002	+0.0008	    	0.75
12	0.9367 	0.0010 	0.0004	0.0011	+0.0002	+0.0000	-0.0001	+0.0001	+0.0003	+0.0002	+0.0001	    	0.39
13	0.9628 	0.0013 	0.0019	0.0023	+0.0010	+0.0001	+0.0008	+0.0010	-0.0002	+0.0012	+0.0000	    	1.43
14	0.9435 	0.0010 	0.0006	0.0012	+0.0005	+0.0002	-0.0002	+0.0001	+0.0002	-0.0001	+0.0003	    	0.65
15	0.8731 	0.0025 	0.0035	0.0043	+0.0027	+0.0005	+0.0021	+0.0001	+0.0004	+0.0005	-0.0002	    	1.39
16	0.9388 	0.0005 	0.0005	0.0007	-0.0002	-0.0003	+0.0004	+0.0000	+0.0000	+0.0000	-0.0001	    	1.02
17	0.9684 	0.0006 	0.0009	0.0011	+0.0004	+0.0003	-0.0004	+0.0000	+0.0002	+0.0001	+0.0007	    	1.54
18	0.9502 	0.0005 	0.0012	0.0013	+0.0000	+0.0002	-0.0011	+0.0000	+0.0003	+0.0000	+0.0001	    	2.32
19	0.9067 	0.0012 	0.0032	0.0034	-0.0008	-0.0003	-0.0031	+0.0000	+0.0000	-0.0003	+0.0000	    	2.68
20	0.9395 	0.0003 	0.0003	0.0004	-0.0001	+0.0002	+0.0002	-0.0001	-0.0001	-0.0001	-0.0001	    	1.05
21	0.9691 	0.0005 	0.0004	0.0007	+0.0003	+0.0000	+0.0002	+0.0000	+0.0002	+0.0000	-0.0001	    	0.85
22	0.9541 	0.0003 	0.0003	0.0004	+0.0001	-0.0002	-0.0001	+0.0000	+0.0000	-0.0001	-0.0001	    	0.88
23	0.9213 	0.0008 	0.0011	0.0014	-0.0010	-0.0004	-0.0002	+0.0000	-0.0001	-0.0003	+0.0004	    	1.42
24	0.9397 	0.0002 	0.0001	0.0002	+0.0000	+0.0000	+0.0001	+0.0000	+0.0001	+0.0000	+0.0000	    	0.71
25	0.9695 	0.0002 	0.0008	0.0008	-0.0007	-0.0001	+0.0001	+0.0000	+0.0000	-0.0001	-0.0003	    	3.87
26	0.9560 	0.0002 	0.0002	0.0003	+0.0000	+0.0000	+0.0001	+0.0000	+0.0001	+0.0000	+0.0002	    	1.22
27	0.9308 	0.0004 	0.0002	0.0005	+0.0000	-0.0001	+0.0001	-0.0001	+0.0002	-0.0001	+0.0000	    	0.61
28	0.9388 	0.0001 	0.0001	0.0001	+0.0001	+0.0000	+0.0000	+0.0000	+0.0000	+0.0000	+0.0000	    	1.00
29	0.9687 	0.0002 	0.0002	0.0003	-0.0001	+0.0001	+0.0001	+0.0000	+0.0000	+0.0000	+0.0001	    	0.87
30	0.9564 	0.0001 	0.0001	0.0001	+0.0000	+0.0000	+0.0000	+0.0000	+0.0000	+0.0001	+0.0000	    	1.00
31	0.9357 	0.0004 	0.0001	0.0004	+0.0001	+0.0001	+0.0000	+0.0000	+0.0000	+0.0000	+0.0001	    	0.35
32	0.9361 	0.0002 	0.0005	0.0005	+0.0004	+0.0001	+0.0000	+0.0000	+0.0000	+0.0001	+0.0002	    	2.29
33	0.9687 	0.0003 	0.0001	0.0003	+0.0000	-0.0001	+0.0000	+0.0000	-0.0001	+0.0000	+0.0000	    	0.47
34	0.9512 	0.0002 	0.0009	0.0009	+0.0005	+0.0003	+0.0000	+0.0000	+0.0000	-0.0001	+0.0007	    	4.33
35	0.9377 	0.0007 	0.0008	0.0011	-0.0001	+0.0002	+0.0000	+0.0000	+0.0001	+0.0000	+0.0008	    	1.19
36	0.9251 	0.0014 	0.0006	0.0015	+0.0003	-0.0001	-0.0005	+0.0001	-0.0002	+0.0001	+0.0000	    	0.44
37	0.9644 	0.0017 	0.0011	0.0020	+0.0005	+0.0003	-0.0003	+0.0001	+0.0000	-0.0004	-0.0009	    	0.67
38	0.9322 	0.0017 	0.0019	0.0026	+0.0012	-0.0007	+0.0002	+0.0001	+0.0005	-0.0002	-0.0014	    	1.13
39	0.9359 	0.0044 	0.0046	0.0064	+0.0002	+0.0017	+0.0025	+0.0003	-0.0003	+0.0003	+0.0035	    	1.05
Average	error:	0.000970 (stat)	0.001002 (syst)	0.001435 (total)

TnP Configurations 
Event Selection(Data) : ( (probe_isMedium && probe_miniIso_rhoAll < 0.1 && probe_iso03_sumPt/probe_pt < 0.4 && ( (probe_3DIPerrVTX > 0 && probe_3DIPVTX/probe_3DIPerrVTX < 3) || probe_3DIPerrVTX == 0) ) && tag_isTight && tag_HLT_IsoMu24_v==1 && tag_pt > 26 && fabs(tag_eta) < 2.4 && (tag_pfIso04_charged + max(0, tag_pfIso04_neutral+tag_pfIso04_photon-(0.5*tag_pfIso04_sumPU)))/tag_pt < 0.15 && 60 < pair_mass && pair_mass < 140 && pair_dR > 0.3) 
Event Selection(MC) : ( (probe_isMedium && probe_miniIso_rhoAll < 0.1 && probe_iso03_sumPt/probe_pt < 0.4 && ( (probe_3DIPerrVTX > 0 && probe_3DIPVTX/probe_3DIPerrVTX < 3) || probe_3DIPerrVTX == 0) ) && tag_isTight && tag_HLT_IsoMu24_v==1 && tag_pt > 26 && fabs(tag_eta) < 2.4 && (tag_pfIso04_charged + max(0, tag_pfIso04_neutral+tag_pfIso04_photon-(0.5*tag_pfIso04_sumPU)))/tag_pt < 0.15 && 60 < pair_mass && pair_mass < 140 && pair_dR > 0.3)*(genWeight) 
Passing Probe Condtion : (probe_isMedium && probe_miniIso_rhoAll < 0.1 && probe_iso03_sumPt/probe_pt < 0.4 && ( (probe_3DIPerrVTX > 0 && probe_3DIPVTX/probe_3DIPerrVTX < 3) || probe_3DIPerrVTX == 0) ) && ( (probe_hltL3fL1sDoubleMu114L1f0L2f10OneMuL3Filtered17_dr<0.3 && probe_hltDiMuonGlb17Glb8RelTrkIsoFiltered0p4_dr<0.3) || (probe_hltL3fL1sDoubleMu114L1f0L2f10L3Filtered17_dr<0.3 && probe_hltDiMuonGlb17Trk8RelTrkIsoFiltered0p4_dr<0.3) || (probe_hltL3fL1sDoubleMu114TkFiltered17Q_dr<0.3 && probe_hltDiMuonTrk17Trk8RelTrkIsoFiltered0p4_dr<0.3) ) 
Input file(Data) : ['/gv0/Users/choij/TnPTrees/v220707/muon/Run2016_UL/SingleMuon_2016b.root'] 
Input file(MC) : ['/gv0/Users/choij/TnPTrees/v220707/muon/Run2016_UL/DYJetsToLL_M-50_TuneCP5_13TeV-madgraphMLM-pythia8.root'] 
Binnings : [{'var': 'fabs(probe_eta)', 'type': 'float', 'bins': [0.0, 0.9, 1.2, 2.1, 2.4], 'title': '|#eta_{SC}|'}, {'var': 'probe_pt', 'type': 'float', 'bins': [10.0, 14.0, 16.0, 18.0, 20.0, 25.0, 30.0, 40.0, 50.0, 100.0, 200.0], 'title': 'p_{T}'}] 
