ibin	Central	Staterr	Systerr	Totalerr  [MassRange]	[MassBin]	[TagIso]	[AltSig]   Syst/Stat
0	0.9569 	0.0011 	0.0006	0.0013	+0.0004	+0.0001	+0.0004	+0.0001	-0.0002	+0.0000	+0.0000	    	0.55
1	0.9854 	0.0009 	0.0005	0.0010	+0.0000	+0.0001	-0.0002	+0.0001	+0.0000	-0.0003	-0.0003	    	0.53
2	0.9619 	0.0008 	0.0007	0.0011	+0.0003	+0.0002	+0.0001	+0.0000	+0.0001	+0.0000	+0.0006	    	0.86
3	0.9509 	0.0017 	0.0008	0.0019	-0.0002	+0.0002	-0.0002	+0.0002	+0.0000	+0.0002	+0.0007	    	0.46
4	0.9621 	0.0006 	0.0001	0.0006	+0.0000	-0.0001	+0.0000	+0.0000	+0.0000	-0.0001	+0.0000	    	0.24
5	0.9865 	0.0006 	0.0006	0.0008	-0.0001	+0.0000	+0.0002	+0.0000	+0.0000	-0.0001	-0.0005	    	0.93
6	0.9650 	0.0006 	0.0007	0.0009	-0.0001	+0.0000	+0.0001	+0.0000	+0.0000	+0.0000	+0.0007	    	1.19
7	0.9541 	0.0012 	0.0005	0.0013	-0.0003	-0.0001	+0.0002	+0.0001	-0.0002	+0.0000	-0.0002	    	0.38
8	0.9630 	0.0004 	0.0001	0.0004	+0.0001	+0.0001	+0.0000	+0.0000	+0.0001	-0.0001	+0.0000	    	0.35
9	0.9873 	0.0004 	0.0003	0.0005	+0.0001	+0.0001	+0.0000	+0.0001	+0.0001	+0.0001	-0.0002	    	0.66
10	0.9659 	0.0004 	0.0007	0.0008	+0.0001	-0.0003	-0.0001	+0.0000	+0.0001	+0.0000	-0.0006	    	1.71
11	0.9565 	0.0009 	0.0002	0.0009	+0.0000	+0.0002	+0.0000	+0.0000	-0.0001	-0.0001	+0.0000	    	0.25
12	0.9634 	0.0002 	0.0002	0.0003	-0.0001	+0.0000	+0.0001	+0.0000	+0.0000	-0.0001	+0.0000	    	0.87
13	0.9879 	0.0003 	0.0001	0.0003	+0.0000	+0.0000	+0.0001	+0.0000	+0.0000	+0.0000	+0.0000	    	0.33
14	0.9667 	0.0003 	0.0002	0.0004	+0.0000	+0.0000	-0.0001	+0.0000	+0.0000	+0.0000	+0.0002	    	0.75
15	0.9572 	0.0006 	0.0007	0.0009	+0.0004	-0.0002	-0.0004	+0.0000	+0.0002	-0.0001	-0.0004	    	1.20
16	0.9632 	0.0001 	0.0002	0.0002	+0.0001	+0.0001	+0.0000	+0.0000	+0.0001	+0.0000	+0.0001	    	1.73
17	0.9881 	0.0001 	0.0000	0.0001	+0.0000	+0.0000	+0.0000	+0.0000	+0.0000	+0.0000	+0.0000	    	0.00
18	0.9679 	0.0001 	0.0001	0.0002	+0.0000	+0.0000	+0.0001	+0.0000	+0.0000	-0.0001	+0.0000	    	1.41
19	0.9575 	0.0003 	0.0005	0.0006	+0.0004	+0.0000	+0.0000	+0.0000	+0.0002	+0.0000	-0.0002	    	1.63
20	0.9620 	0.0001 	0.0001	0.0001	+0.0000	+0.0000	+0.0000	+0.0000	+0.0001	+0.0000	+0.0000	    	1.00
21	0.9878 	0.0001 	0.0002	0.0002	+0.0001	+0.0001	+0.0001	+0.0000	+0.0001	+0.0000	+0.0000	    	1.73
22	0.9684 	0.0001 	0.0002	0.0002	+0.0000	+0.0001	+0.0001	+0.0000	+0.0001	+0.0000	+0.0000	    	1.73
23	0.9595 	0.0003 	0.0002	0.0004	+0.0001	+0.0000	-0.0001	+0.0000	+0.0001	-0.0002	+0.0000	    	0.82
24	0.9607 	0.0002 	0.0003	0.0003	+0.0000	-0.0001	+0.0001	+0.0000	-0.0001	+0.0000	+0.0002	    	1.32
25	0.9878 	0.0002 	0.0001	0.0002	+0.0000	+0.0000	+0.0000	+0.0000	-0.0001	+0.0000	+0.0000	    	0.50
26	0.9689 	0.0002 	0.0001	0.0002	+0.0001	+0.0000	+0.0000	+0.0000	+0.0000	+0.0000	+0.0000	    	0.50
27	0.9592 	0.0006 	0.0003	0.0007	+0.0000	-0.0001	+0.0001	+0.0000	+0.0002	-0.0002	+0.0001	    	0.44
28	0.9554 	0.0012 	0.0008	0.0014	+0.0001	-0.0003	+0.0004	+0.0001	-0.0003	+0.0002	+0.0005	    	0.64
29	0.9888 	0.0011 	0.0004	0.0012	+0.0001	-0.0001	+0.0000	+0.0000	-0.0002	-0.0003	+0.0002	    	0.34
30	0.9702 	0.0012 	0.0007	0.0014	+0.0006	+0.0001	+0.0003	+0.0001	+0.0001	-0.0001	-0.0001	    	0.57
31	0.9605 	0.0043 	0.0039	0.0058	-0.0004	-0.0021	-0.0025	+0.0000	+0.0003	-0.0015	+0.0015	    	0.91
Average	error:	0.000662 (stat)	0.000466 (syst)	0.000830 (total)

TnP Configurations 
Event Selection(Data) : ( (probe_isMedium && probe_miniIso_rhoAll < 0.1 && probe_iso03_sumPt/probe_pt < 0.4 && ( (probe_3DIPerrVTX > 0 && probe_3DIPVTX/probe_3DIPerrVTX < 3) || probe_3DIPerrVTX == 0) ) && tag_isTight && tag_HLT_IsoMu24_v==1 && tag_pt > 26 && fabs(tag_eta) < 2.4 && (tag_pfIso04_charged + max(0, tag_pfIso04_neutral+tag_pfIso04_photon-(0.5*tag_pfIso04_sumPU)))/tag_pt < 0.15 && 60 < pair_mass && pair_mass < 140 && pair_dR > 0.3) 
Event Selection(MC) : ( (probe_isMedium && probe_miniIso_rhoAll < 0.1 && probe_iso03_sumPt/probe_pt < 0.4 && ( (probe_3DIPerrVTX > 0 && probe_3DIPVTX/probe_3DIPerrVTX < 3) || probe_3DIPerrVTX == 0) ) && tag_isTight && tag_HLT_IsoMu24_v==1 && tag_pt > 26 && fabs(tag_eta) < 2.4 && (tag_pfIso04_charged + max(0, tag_pfIso04_neutral+tag_pfIso04_photon-(0.5*tag_pfIso04_sumPU)))/tag_pt < 0.15 && 60 < pair_mass && pair_mass < 140 && pair_dR > 0.3)*(genWeight) 
Passing Probe Condtion : (probe_isMedium && probe_miniIso_rhoAll < 0.1 && probe_iso03_sumPt/probe_pt < 0.4 && ( (probe_3DIPerrVTX > 0 && probe_3DIPVTX/probe_3DIPerrVTX < 3) || probe_3DIPerrVTX == 0) ) && (probe_hltDiMuonGlb17Glb8RelTrkIsoFiltered0p4_dr<0.3 || probe_hltDiMuonGlb17Trk8RelTrkIsoFiltered0p4_dr<0.3 || probe_hltDiMuonTrk17Trk8RelTrkIsoFiltered0p4_dr<0.3) 
Input file(Data) : ['/gv0/Users/choij/TnPTrees/v220707/muon/Run2016_UL_HIPM/SingleMuon_2016a.root'] 
Input file(MC) : ['/gv0/Users/choij/TnPTrees/v220707/muon/Run2016_UL_HIPM/DYJetsToLL_M-50_TuneCP5_13TeV-madgraphMLM-pythia8.root'] 
Binnings : [{'var': 'fabs(probe_eta)', 'type': 'float', 'bins': [0.0, 0.9, 1.2, 2.1, 2.4], 'title': '|#eta_{SC}|'}, {'var': 'probe_pt', 'type': 'float', 'bins': [10.0, 15.0, 20.0, 25.0, 30.0, 40.0, 50.0, 100.0, 200.0], 'title': 'p_{T}'}] 
