==== Data Efficiency Comparison ====
==== Binning Info ====
x-axis: [0.0, 0.9, 1.2, 2.1, 2.4]
y-axis: [15.0, 20.0, 25.0, 30.0, 40.0, 50.0, 60.0, 120.0]
eff_private	eff_official	diff
[0.0, 15.0] 0.7607, 0.7495, 0.0150
[0.0, 20.0] 0.8146, 0.8052, 0.0117
[0.0, 25.0] 0.8682, 0.8590, 0.0108
[0.0, 30.0] 0.9326, 0.9306, 0.0021
[0.0, 40.0] 0.9721, 0.9721, 0.0000
[0.0, 50.0] 0.9816, 0.9809, 0.0007
[0.0, 60.0] 0.9869, 0.9864, 0.0005
[0.9, 15.0] 0.7791, 0.7657, 0.0175
[0.9, 20.0] 0.8291, 0.8207, 0.0103
[0.9, 25.0] 0.8747, 0.8727, 0.0022
[0.9, 30.0] 0.9355, 0.9357, -0.0002
[0.9, 40.0] 0.9751, 0.9747, 0.0004
[0.9, 50.0] 0.9838, 0.9829, 0.0009
[0.9, 60.0] 0.9880, 0.9877, 0.0003
[1.2, 15.0] 0.8298, 0.8235, 0.0077
[1.2, 20.0] 0.8724, 0.8696, 0.0032
[1.2, 25.0] 0.9108, 0.9112, -0.0004
[1.2, 30.0] 0.9525, 0.9535, -0.0011
[1.2, 40.0] 0.9823, 0.9825, -0.0002
[1.2, 50.0] 0.9882, 0.9881, 0.0001
[1.2, 60.0] 0.9922, 0.9914, 0.0008
[2.1, 15.0] 0.8235, 0.8237, -0.0002
[2.1, 20.0] 0.8765, 0.8748, 0.0019
[2.1, 25.0] 0.9172, 0.9201, -0.0032
[2.1, 30.0] 0.9556, 0.9581, -0.0026
[2.1, 40.0] 0.9813, 0.9841, -0.0029
[2.1, 50.0] 0.9889, 0.9902, -0.0013
[2.1, 60.0] 0.9932, 0.9930, 0.0002

==== MC Efficiency Comparison ====
==== Binning Info ====
x-axis: [0.0, 0.9, 1.2, 2.1, 2.4]
y-axis: [15.0, 20.0, 25.0, 30.0, 40.0, 50.0, 60.0, 120.0]
eff_private	eff_official	diff
[0.0, 15.0] 0.7550, 0.7605, -0.0073
[0.0, 20.0] 0.8155, 0.8155, -0.0001
[0.0, 25.0] 0.8688, 0.8714, -0.0029
[0.0, 30.0] 0.9340, 0.9371, -0.0033
[0.0, 40.0] 0.9739, 0.9756, -0.0017
[0.0, 50.0] 0.9830, 0.9840, -0.0010
[0.0, 60.0] 0.9870, 0.9877, -0.0007
[0.9, 15.0] 0.7731, 0.7812, -0.0103
[0.9, 20.0] 0.8220, 0.8315, -0.0114
[0.9, 25.0] 0.8664, 0.8761, -0.0111
[0.9, 30.0] 0.9327, 0.9391, -0.0068
[0.9, 40.0] 0.9747, 0.9776, -0.0030
[0.9, 50.0] 0.9838, 0.9857, -0.0019
[0.9, 60.0] 0.9883, 0.9889, -0.0006
[1.2, 15.0] 0.8114, 0.8257, -0.0174
[1.2, 20.0] 0.8600, 0.8724, -0.0142
[1.2, 25.0] 0.9014, 0.9101, -0.0096
[1.2, 30.0] 0.9486, 0.9546, -0.0063
[1.2, 40.0] 0.9811, 0.9837, -0.0026
[1.2, 50.0] 0.9886, 0.9897, -0.0011
[1.2, 60.0] 0.9911, 0.9918, -0.0007
[2.1, 15.0] 0.8005, 0.8177, -0.0211
[2.1, 20.0] 0.8577, 0.8716, -0.0160
[2.1, 25.0] 0.9026, 0.9155, -0.0141
[2.1, 30.0] 0.9490, 0.9578, -0.0092
[2.1, 40.0] 0.9775, 0.9832, -0.0058
[2.1, 50.0] 0.9872, 0.9904, -0.0033
[2.1, 60.0] 0.9927, 0.9925, 0.0002
