==== Data Efficiency Comparison ====
==== Binning Info ====
x-axis: [0.0, 0.9, 1.2, 2.1, 2.4]
y-axis: [15.0, 20.0, 25.0, 30.0, 40.0, 50.0, 60.0, 120.0]
eff_private	eff_official	diff
[0.0, 15.0] 0.7470, 0.7335, 0.0184
[0.0, 20.0] 0.8027, 0.7929, 0.0124
[0.0, 25.0] 0.8567, 0.8510, 0.0067
[0.0, 30.0] 0.9249, 0.9241, 0.0008
[0.0, 40.0] 0.9664, 0.9671, -0.0008
[0.0, 50.0] 0.9772, 0.9779, -0.0007
[0.0, 60.0] 0.9851, 0.9854, -0.0003
[0.9, 15.0] 0.7420, 0.7393, 0.0037
[0.9, 20.0] 0.7953, 0.7917, 0.0046
[0.9, 25.0] 0.8419, 0.8476, -0.0068
[0.9, 30.0] 0.9155, 0.9175, -0.0021
[0.9, 40.0] 0.9625, 0.9633, -0.0008
[0.9, 50.0] 0.9758, 0.9759, -0.0001
[0.9, 60.0] 0.9850, 0.9846, 0.0004
[1.2, 15.0] 0.8122, 0.8060, 0.0077
[1.2, 20.0] 0.8555, 0.8558, -0.0004
[1.2, 25.0] 0.8959, 0.9004, -0.0050
[1.2, 30.0] 0.9431, 0.9465, -0.0036
[1.2, 40.0] 0.9769, 0.9777, -0.0008
[1.2, 50.0] 0.9849, 0.9853, -0.0004
[1.2, 60.0] 0.9891, 0.9892, -0.0001
[2.1, 15.0] 0.8313, 0.8360, -0.0056
[2.1, 20.0] 0.8836, 0.8863, -0.0030
[2.1, 25.0] 0.9203, 0.9250, -0.0051
[2.1, 30.0] 0.9580, 0.9601, -0.0022
[2.1, 40.0] 0.9818, 0.9830, -0.0012
[2.1, 50.0] 0.9890, 0.9888, 0.0002
[2.1, 60.0] 0.9924, 0.9919, 0.0005

==== MC Efficiency Comparison ====
==== Binning Info ====
x-axis: [0.0, 0.9, 1.2, 2.1, 2.4]
y-axis: [15.0, 20.0, 25.0, 30.0, 40.0, 50.0, 60.0, 120.0]
eff_private	eff_official	diff
[0.0, 15.0] 0.7537, 0.7442, 0.0127
[0.0, 20.0] 0.8080, 0.7997, 0.0104
[0.0, 25.0] 0.8644, 0.8603, 0.0048
[0.0, 30.0] 0.9299, 0.9294, 0.0005
[0.0, 40.0] 0.9706, 0.9710, -0.0004
[0.0, 50.0] 0.9813, 0.9812, 0.0001
[0.0, 60.0] 0.9867, 0.9871, -0.0004
[0.9, 15.0] 0.7671, 0.7618, 0.0070
[0.9, 20.0] 0.8143, 0.8082, 0.0075
[0.9, 25.0] 0.8620, 0.8596, 0.0028
[0.9, 30.0] 0.9264, 0.9283, -0.0021
[0.9, 40.0] 0.9702, 0.9710, -0.0008
[0.9, 50.0] 0.9817, 0.9813, 0.0004
[0.9, 60.0] 0.9877, 0.9881, -0.0004
[1.2, 15.0] 0.8061, 0.8033, 0.0035
[1.2, 20.0] 0.8552, 0.8545, 0.0008
[1.2, 25.0] 0.8959, 0.9007, -0.0053
[1.2, 30.0] 0.9440, 0.9470, -0.0032
[1.2, 40.0] 0.9778, 0.9789, -0.0011
[1.2, 50.0] 0.9863, 0.9861, 0.0002
[1.2, 60.0] 0.9900, 0.9897, 0.0003
[2.1, 15.0] 0.8150, 0.8154, -0.0005
[2.1, 20.0] 0.8653, 0.8690, -0.0043
[2.1, 25.0] 0.9076, 0.9136, -0.0066
[2.1, 30.0] 0.9497, 0.9525, -0.0029
[2.1, 40.0] 0.9780, 0.9793, -0.0014
[2.1, 50.0] 0.9867, 0.9860, 0.0007
[2.1, 60.0] 0.9902, 0.9890, 0.0013
