ibin	Central	Staterr	Systerr	Totalerr  [MassRange]	[MassBin]	[TagIso]	[AltSig]   Syst/Stat
0	0.0000 	0.0000 	0.0000	0.0000	+0.0000	+0.0000	+0.0000	+0.0000	+0.0000	+0.0000	+0.0000	    
1	0.0025 	0.0002 	0.0001	0.0002	+0.0000	+0.0000	+0.0000	+0.0000	+0.0001	+0.0000	+0.0000	    	0.50
2	0.0009 	0.0001 	0.0001	0.0001	+0.0000	+0.0000	-0.0001	+0.0000	+0.0000	+0.0000	+0.0000	    	1.00
3	0.0011 	0.0001 	0.0001	0.0002	+0.0000	+0.0000	-0.0001	+0.0000	-0.0001	+0.0000	+0.0000	    	1.41
4	0.0001 	0.0000 	0.0000	0.0000	+0.0000	+0.0000	+0.0000	+0.0000	+0.0000	+0.0000	+0.0000	    
5	0.0048 	0.0003 	0.0004	0.0005	-0.0002	-0.0001	+0.0000	+0.0000	-0.0003	-0.0001	-0.0001	    	1.25
6	0.0046 	0.0002 	0.0006	0.0006	-0.0004	+0.0002	+0.0000	+0.0000	+0.0000	+0.0000	+0.0004	    	2.83
7	0.0057 	0.0004 	0.0002	0.0004	-0.0001	+0.0000	-0.0001	+0.0000	+0.0001	+0.0000	+0.0000	    	0.43
8	0.4973 	0.0012 	0.0035	0.0037	-0.0021	-0.0017	-0.0018	-0.0003	-0.0007	-0.0002	-0.0020	    	2.90
9	0.5077 	0.0020 	0.0019	0.0028	+0.0017	+0.0008	+0.0000	+0.0000	+0.0001	-0.0006	-0.0007	    	0.97
10	0.4786 	0.0013 	0.0029	0.0032	+0.0011	+0.0021	+0.0004	+0.0001	+0.0003	+0.0000	+0.0019	    	2.21
11	0.4647 	0.0022 	0.0039	0.0044	-0.0033	-0.0023	+0.0003	+0.0000	-0.0006	-0.0003	-0.0019	    	1.76
12	0.9537 	0.0004 	0.0004	0.0006	-0.0003	+0.0000	-0.0003	-0.0001	+0.0000	-0.0001	+0.0000	    	1.09
13	0.9532 	0.0008 	0.0004	0.0009	-0.0003	-0.0003	+0.0001	+0.0000	-0.0001	-0.0001	-0.0002	    	0.48
14	0.9227 	0.0006 	0.0009	0.0011	-0.0004	+0.0001	-0.0005	-0.0001	-0.0001	+0.0001	-0.0006	    	1.47
15	0.8977 	0.0012 	0.0013	0.0018	-0.0010	+0.0000	-0.0007	+0.0000	+0.0002	+0.0002	-0.0005	    	1.11
16	0.9538 	0.0002 	0.0006	0.0006	+0.0001	-0.0003	+0.0001	-0.0003	-0.0003	-0.0003	-0.0003	    	3.00
17	0.9607 	0.0004 	0.0005	0.0006	-0.0001	-0.0002	-0.0001	-0.0002	-0.0003	-0.0003	-0.0002	    	1.15
18	0.9346 	0.0003 	0.0004	0.0005	+0.0000	-0.0001	-0.0001	+0.0003	+0.0003	+0.0002	-0.0001	    	1.49
19	0.9132 	0.0006 	0.0012	0.0013	+0.0001	+0.0001	+0.0009	+0.0005	+0.0008	+0.0003	+0.0000	    	2.01
20	0.9535 	0.0001 	0.0001	0.0002	-0.0001	+0.0000	-0.0001	+0.0000	+0.0000	+0.0000	+0.0000	    	1.41
21	0.9648 	0.0002 	0.0002	0.0003	+0.0002	-0.0001	+0.0000	+0.0000	+0.0001	+0.0000	+0.0000	    	1.12
22	0.9364 	0.0002 	0.0008	0.0008	-0.0002	-0.0001	+0.0001	-0.0004	-0.0001	-0.0005	-0.0004	    	3.91
23	0.9157 	0.0004 	0.0003	0.0005	+0.0000	+0.0001	+0.0001	+0.0001	+0.0002	+0.0000	+0.0001	    	0.66
24	0.9529 	0.0001 	0.0005	0.0005	+0.0002	+0.0002	+0.0002	+0.0002	+0.0002	+0.0001	+0.0003	    	4.58
25	0.9675 	0.0001 	0.0002	0.0003	+0.0000	+0.0000	+0.0002	-0.0001	-0.0001	+0.0001	-0.0001	    	2.45
26	0.9348 	0.0001 	0.0004	0.0004	+0.0000	+0.0000	-0.0003	-0.0002	-0.0002	+0.0000	-0.0002	    	4.12
27	0.9170 	0.0004 	0.0005	0.0007	+0.0001	+0.0000	-0.0001	+0.0003	+0.0004	-0.0001	+0.0002	    	1.37
28	0.9517 	0.0001 	0.0000	0.0001	+0.0000	+0.0000	+0.0000	+0.0000	+0.0000	+0.0000	+0.0000	    	0.00
29	0.9683 	0.0001 	0.0000	0.0001	+0.0000	+0.0000	+0.0000	+0.0000	+0.0000	+0.0000	+0.0000	    	0.00
30	0.9401 	0.0001 	0.0002	0.0002	-0.0001	-0.0001	-0.0001	+0.0000	+0.0000	-0.0001	+0.0000	    	1.73
31	0.9170 	0.0000 	0.0001	0.0001	-0.0001	-0.0001	+0.0000	+0.0000	+0.0000	-0.0001	+0.0000	    
32	0.9499 	0.0001 	0.0002	0.0002	-0.0001	-0.0001	-0.0001	-0.0001	-0.0001	-0.0001	-0.0001	    	2.00
33	0.9682 	0.0002 	0.0001	0.0002	+0.0000	+0.0000	+0.0001	+0.0000	+0.0001	+0.0000	+0.0000	    	0.71
34	0.9462 	0.0001 	0.0001	0.0001	+0.0000	+0.0000	+0.0000	+0.0000	+0.0001	+0.0000	+0.0000	    	1.00
35	0.9157 	0.0004 	0.0002	0.0005	+0.0000	+0.0000	+0.0002	+0.0000	-0.0001	-0.0001	+0.0000	    	0.56
36	0.9437 	0.0006 	0.0003	0.0007	+0.0001	-0.0001	-0.0003	+0.0000	-0.0001	-0.0001	+0.0000	    	0.55
37	0.9638 	0.0008 	0.0007	0.0010	+0.0001	+0.0002	+0.0006	+0.0000	-0.0001	-0.0002	+0.0000	    	0.83
38	0.9474 	0.0007 	0.0006	0.0009	-0.0001	-0.0002	-0.0002	+0.0000	-0.0002	+0.0000	-0.0005	    	0.87
39	0.9069 	0.0025 	0.0041	0.0048	-0.0019	+0.0003	-0.0014	-0.0001	-0.0001	+0.0001	+0.0033	    	1.62
Average	error:	0.000495 (stat)	0.000727 (syst)	0.000905 (total)

TnP Configurations 
Event Selection(Data) : ( (probe_isMedium && probe_miniIso_rhoAll < 0.1 && probe_iso03_sumPt/probe_pt < 0.4 && ( (probe_3DIPerrVTX > 0 && probe_3DIPVTX/probe_3DIPerrVTX < 3) || probe_3DIPerrVTX == 0) ) && tag_isTight && tag_HLT_IsoMu27_v==1 && tag_pt > 29 && fabs(tag_eta) < 2.4 && (tag_pfIso04_charged + max(0, tag_pfIso04_neutral+tag_pfIso04_photon-(0.5*tag_pfIso04_sumPU)))/tag_pt < 0.15 && 60 < pair_mass && pair_mass < 140 && pair_dR > 0.3) 
Event Selection(MC) : ( (probe_isMedium && probe_miniIso_rhoAll < 0.1 && probe_iso03_sumPt/probe_pt < 0.4 && ( (probe_3DIPerrVTX > 0 && probe_3DIPVTX/probe_3DIPerrVTX < 3) || probe_3DIPerrVTX == 0) ) && tag_isTight && tag_HLT_IsoMu27_v==1 && tag_pt > 29 && fabs(tag_eta) < 2.4 && (tag_pfIso04_charged + max(0, tag_pfIso04_neutral+tag_pfIso04_photon-(0.5*tag_pfIso04_sumPU)))/tag_pt < 0.15 && 60 < pair_mass && pair_mass < 140 && pair_dR > 0.3) 
Passing Probe Condtion : (probe_isMedium && probe_miniIso_rhoAll < 0.1 && probe_iso03_sumPt/probe_pt < 0.4 && ( (probe_3DIPerrVTX > 0 && probe_3DIPVTX/probe_3DIPerrVTX < 3) || probe_3DIPerrVTX == 0) ) && probe_hltL3fL1DoubleMu155fFiltered17_dr<0.3 && probe_hltDiMuon178RelTrkIsoFiltered0p4_dr<0.3 
Input file(Data) : ['/gv0/Users/choij/TnPTrees/v220707/muon/Run2017_UL/SingleMuon_2017.root'] 
Input file(MC) : ['/gv0/Users/choij/TnPTrees/v220707/muon/Run2017_UL/DYJetsToMuMu_M-50_massWgtFix_TuneCP5_13TeV-powhegMiNNLO-pythia8-photos.root'] 
Binnings : [{'var': 'fabs(probe_eta)', 'type': 'float', 'bins': [0.0, 0.9, 1.2, 2.1, 2.4], 'title': '|#eta_{SC}|'}, {'var': 'probe_pt', 'type': 'float', 'bins': [10.0, 14.0, 16.0, 18.0, 20.0, 25.0, 30.0, 40.0, 50.0, 100.0, 200.0], 'title': 'p_{T}'}] 
