ibin	Central	Staterr	Systerr	Totalerr  [MassRange]	[MassBin]	[TagIso]	[AltSig]   Syst/Stat
0	0.0000 	0.0000 	0.0000	0.0000	+0.0000	+0.0000	+0.0000	+0.0000	+0.0000	+0.0000	+0.0000	    
1	0.0010 	0.0002 	0.0000	0.0002	+0.0000	+0.0000	+0.0000	+0.0000	+0.0000	+0.0000	+0.0000	    	0.00
2	0.0007 	0.0001 	0.0001	0.0001	+0.0000	+0.0000	-0.0001	+0.0000	+0.0000	+0.0000	+0.0000	    	1.00
3	0.0013 	0.0002 	0.0002	0.0003	+0.0000	-0.0001	-0.0002	-0.0001	-0.0001	-0.0001	+0.0000	    	1.22
4	0.0003 	0.0001 	0.0001	0.0001	+0.0000	+0.0000	+0.0000	+0.0000	-0.0001	+0.0000	+0.0000	    	1.00
5	0.0026 	0.0003 	0.0001	0.0003	+0.0000	+0.0000	+0.0000	+0.0000	+0.0000	+0.0001	+0.0001	    	0.47
6	0.0052 	0.0003 	0.0006	0.0007	-0.0005	+0.0002	+0.0000	+0.0000	+0.0001	+0.0000	+0.0003	    	1.97
7	0.0153 	0.0009 	0.0006	0.0011	+0.0001	+0.0001	-0.0005	+0.0001	+0.0001	+0.0001	+0.0002	    	0.62
8	0.4838 	0.0016 	0.0012	0.0020	-0.0010	+0.0004	+0.0006	+0.0001	-0.0003	+0.0000	-0.0002	    	0.76
9	0.4945 	0.0029 	0.0012	0.0031	-0.0006	+0.0010	-0.0005	-0.0002	-0.0003	-0.0002	-0.0001	    	0.40
10	0.4657 	0.0017 	0.0006	0.0018	-0.0004	+0.0001	+0.0003	-0.0001	-0.0003	-0.0001	+0.0002	    	0.36
11	0.3971 	0.0031 	0.0015	0.0034	-0.0004	-0.0014	+0.0000	+0.0000	+0.0004	+0.0004	+0.0000	    	0.47
12	0.9257 	0.0007 	0.0005	0.0009	+0.0005	-0.0001	+0.0001	+0.0000	-0.0002	-0.0001	+0.0000	    	0.78
13	0.9241 	0.0013 	0.0026	0.0029	-0.0010	-0.0006	+0.0001	+0.0002	-0.0023	+0.0015	-0.0006	    	1.99
14	0.8954 	0.0009 	0.0020	0.0022	+0.0002	-0.0003	-0.0002	+0.0000	+0.0004	+0.0017	+0.0009	    	2.17
15	0.7702 	0.0024 	0.0041	0.0047	+0.0004	-0.0001	-0.0003	-0.0001	-0.0006	-0.0007	-0.0040	    	1.70
16	0.9270 	0.0003 	0.0002	0.0003	+0.0001	+0.0000	+0.0001	+0.0000	+0.0000	+0.0001	+0.0000	    	0.58
17	0.9307 	0.0006 	0.0010	0.0012	+0.0002	+0.0002	-0.0010	+0.0000	+0.0001	+0.0001	+0.0000	    	1.71
18	0.9174 	0.0004 	0.0013	0.0014	-0.0001	-0.0001	-0.0001	+0.0000	+0.0001	-0.0003	-0.0013	    	3.35
19	0.8310 	0.0011 	0.0016	0.0019	+0.0005	-0.0002	+0.0004	+0.0000	-0.0002	+0.0000	+0.0014	    	1.41
20	0.9275 	0.0002 	0.0001	0.0002	+0.0000	+0.0001	+0.0000	+0.0000	-0.0001	+0.0000	+0.0000	    	0.71
21	0.9340 	0.0004 	0.0003	0.0005	-0.0001	+0.0000	+0.0001	+0.0000	+0.0002	-0.0001	+0.0001	    	0.66
22	0.9244 	0.0003 	0.0006	0.0007	+0.0001	+0.0000	+0.0001	+0.0000	+0.0002	-0.0001	-0.0006	    	2.16
23	0.8529 	0.0008 	0.0005	0.0010	+0.0000	-0.0005	+0.0000	+0.0000	+0.0000	-0.0001	-0.0002	    	0.68
24	0.9271 	0.0001 	0.0004	0.0004	+0.0000	+0.0000	+0.0000	+0.0000	+0.0002	-0.0003	+0.0002	    	3.61
25	0.9356 	0.0002 	0.0005	0.0006	+0.0002	+0.0002	+0.0002	+0.0002	+0.0002	+0.0001	+0.0004	    	2.65
26	0.9292 	0.0001 	0.0005	0.0005	+0.0004	+0.0003	+0.0000	+0.0000	+0.0001	-0.0001	+0.0003	    	5.10
27	0.8741 	0.0003 	0.0016	0.0016	+0.0009	+0.0007	+0.0005	+0.0005	+0.0001	+0.0012	+0.0001	    	5.28
28	0.9256 	0.0001 	0.0001	0.0002	+0.0000	+0.0000	-0.0001	+0.0000	+0.0000	-0.0001	+0.0000	    	1.41
29	0.9362 	0.0002 	0.0000	0.0002	+0.0000	+0.0000	+0.0000	+0.0000	+0.0000	+0.0000	+0.0000	    	0.00
30	0.9347 	0.0001 	0.0001	0.0002	+0.0000	-0.0001	+0.0000	+0.0000	+0.0001	-0.0001	+0.0000	    	1.41
31	0.8895 	0.0003 	0.0002	0.0004	+0.0002	+0.0000	+0.0000	+0.0000	+0.0001	+0.0000	+0.0000	    	0.75
32	0.9220 	0.0002 	0.0001	0.0002	+0.0000	+0.0000	-0.0001	+0.0000	+0.0000	+0.0000	+0.0000	    	0.50
33	0.9347 	0.0003 	0.0001	0.0003	+0.0000	+0.0000	+0.0001	+0.0001	+0.0001	+0.0000	+0.0000	    	0.47
34	0.9378 	0.0002 	0.0001	0.0002	-0.0001	+0.0000	+0.0000	+0.0000	+0.0000	-0.0001	+0.0000	    	0.71
35	0.8965 	0.0005 	0.0002	0.0005	+0.0000	-0.0001	+0.0001	-0.0001	+0.0000	+0.0000	-0.0001	    	0.35
36	0.9123 	0.0010 	0.0008	0.0013	+0.0002	-0.0006	-0.0002	+0.0000	+0.0000	+0.0000	-0.0005	    	0.81
37	0.9228 	0.0017 	0.0016	0.0023	+0.0001	+0.0012	+0.0010	+0.0000	+0.0002	-0.0001	+0.0000	    	0.93
38	0.9385 	0.0011 	0.0006	0.0012	+0.0001	-0.0003	-0.0003	+0.0000	-0.0004	-0.0001	+0.0000	    	0.53
39	0.8941 	0.0035 	0.0050	0.0061	-0.0017	+0.0013	-0.0013	-0.0002	-0.0003	-0.0005	+0.0045	    	1.43
Average	error:	0.000768 (stat)	0.000827 (syst)	0.001186 (total)

TnP Configurations 
Event Selection(Data) : ( (probe_isMedium && probe_miniIso_rhoAll < 0.1 && probe_iso03_sumPt/probe_pt < 0.4 && ( (probe_3DIPerrVTX > 0 && probe_3DIPVTX/probe_3DIPerrVTX < 3) || probe_3DIPerrVTX == 0) ) && tag_isTight && tag_HLT_IsoMu27_v==1 && tag_pt > 29 && fabs(tag_eta) < 2.4 && (tag_pfIso04_charged + max(0, tag_pfIso04_neutral+tag_pfIso04_photon-(0.5*tag_pfIso04_sumPU)))/tag_pt < 0.15 && 60 < pair_mass && pair_mass < 140 && pair_dR > 0.3) 
Event Selection(MC) : ( (probe_isMedium && probe_miniIso_rhoAll < 0.1 && probe_iso03_sumPt/probe_pt < 0.4 && ( (probe_3DIPerrVTX > 0 && probe_3DIPVTX/probe_3DIPerrVTX < 3) || probe_3DIPerrVTX == 0) ) && tag_isTight && tag_HLT_IsoMu27_v==1 && tag_pt > 29 && fabs(tag_eta) < 2.4 && (tag_pfIso04_charged + max(0, tag_pfIso04_neutral+tag_pfIso04_photon-(0.5*tag_pfIso04_sumPU)))/tag_pt < 0.15 && 60 < pair_mass && pair_mass < 140 && pair_dR > 0.3) 
Passing Probe Condtion : (probe_isMedium && probe_miniIso_rhoAll < 0.1 && probe_iso03_sumPt/probe_pt < 0.4 && ( (probe_3DIPerrVTX > 0 && probe_3DIPVTX/probe_3DIPerrVTX < 3) || probe_3DIPerrVTX == 0) ) && probe_hltL3fL1DoubleMu155fFiltered17_dr<0.3 && probe_hltDiMuon178RelTrkIsoFiltered0p4_dr<0.3 
Input file(Data) : ['/gv0/Users/choij/TnPTrees/v220707/muon/Run2017_UL/SingleMuon_2017.root'] 
Input file(MC) : ['/gv0/Users/choij/TnPTrees/v220707/muon/Run2017_UL/DYJetsToMuMu_M-50_massWgtFix_TuneCP5_13TeV-powhegMiNNLO-pythia8-photos.root'] 
Binnings : [{'var': 'fabs(probe_eta)', 'type': 'float', 'bins': [0.0, 0.9, 1.2, 2.1, 2.4], 'title': '|#eta_{SC}|'}, {'var': 'probe_pt', 'type': 'float', 'bins': [10.0, 14.0, 16.0, 18.0, 20.0, 25.0, 30.0, 40.0, 50.0, 100.0, 200.0], 'title': 'p_{T}'}] 
