ibin	Central	Staterr	Systerr	Totalerr  [MassRange]	[MassBin]	[TagIso]	[AltSig]   Syst/Stat
0	0.9498 	0.0005 	0.0005	0.0007	-0.0001	-0.0002	-0.0005	+0.0000	+0.0001	+0.0001	+0.0000	    	1.10
1	0.9502 	0.0008 	0.0007	0.0010	-0.0001	-0.0002	-0.0005	+0.0000	-0.0004	-0.0004	+0.0000	    	0.84
2	0.9319 	0.0005 	0.0011	0.0012	+0.0006	+0.0008	+0.0004	+0.0004	+0.0004	+0.0003	+0.0004	    	2.12
3	0.9036 	0.0010 	0.0011	0.0015	-0.0009	-0.0001	+0.0000	+0.0001	+0.0006	+0.0000	+0.0000	    	1.09
4	0.9529 	0.0003 	0.0004	0.0005	+0.0001	+0.0001	+0.0004	+0.0000	+0.0000	+0.0000	+0.0000	    	1.37
5	0.9560 	0.0005 	0.0010	0.0011	+0.0004	+0.0003	+0.0008	+0.0003	+0.0003	+0.0003	+0.0003	    	1.98
6	0.9326 	0.0004 	0.0006	0.0007	+0.0000	+0.0004	+0.0000	-0.0001	+0.0000	+0.0004	-0.0002	    	1.52
7	0.9112 	0.0008 	0.0007	0.0011	-0.0001	-0.0001	-0.0007	-0.0001	-0.0002	+0.0001	+0.0000	    	0.92
8	0.9539 	0.0002 	0.0007	0.0007	+0.0000	-0.0003	+0.0001	-0.0003	-0.0003	-0.0004	-0.0003	    	3.28
9	0.9633 	0.0004 	0.0005	0.0006	-0.0001	-0.0002	-0.0002	-0.0002	-0.0003	-0.0003	-0.0002	    	1.15
10	0.9363 	0.0003 	0.0004	0.0005	-0.0001	-0.0001	-0.0001	+0.0003	-0.0001	+0.0002	-0.0001	    	1.29
11	0.9158 	0.0006 	0.0012	0.0013	+0.0001	+0.0000	+0.0009	+0.0006	+0.0008	+0.0003	+0.0000	    	2.01
12	0.9535 	0.0001 	0.0002	0.0002	+0.0002	+0.0000	+0.0000	+0.0000	+0.0000	+0.0000	+0.0000	    	2.00
13	0.9660 	0.0002 	0.0001	0.0002	+0.0001	+0.0001	+0.0000	+0.0000	+0.0001	+0.0000	+0.0000	    	0.71
14	0.9369 	0.0002 	0.0007	0.0007	-0.0002	-0.0001	+0.0001	-0.0004	-0.0001	-0.0005	+0.0000	    	3.35
15	0.9170 	0.0004 	0.0001	0.0004	-0.0001	+0.0000	+0.0000	+0.0000	+0.0001	-0.0001	+0.0000	    	0.35
16	0.9531 	0.0001 	0.0000	0.0001	+0.0000	+0.0000	+0.0000	+0.0000	+0.0000	+0.0000	+0.0000	    	0.00
17	0.9681 	0.0001 	0.0002	0.0002	+0.0000	+0.0000	+0.0002	-0.0001	-0.0001	+0.0000	+0.0000	    	2.24
18	0.9348 	0.0001 	0.0006	0.0006	+0.0003	+0.0003	+0.0003	+0.0001	+0.0001	+0.0003	+0.0003	    	6.00
19	0.9181 	0.0002 	0.0007	0.0008	-0.0002	-0.0003	+0.0000	-0.0003	+0.0001	+0.0000	-0.0006	    	3.71
20	0.9517 	0.0001 	0.0000	0.0001	+0.0000	+0.0000	+0.0000	+0.0000	+0.0000	+0.0000	+0.0000	    	0.00
21	0.9686 	0.0001 	0.0000	0.0001	+0.0000	+0.0000	+0.0000	+0.0000	+0.0000	+0.0000	+0.0000	    	0.00
22	0.9403 	0.0001 	0.0001	0.0002	+0.0000	+0.0000	+0.0000	+0.0000	+0.0000	-0.0001	-0.0001	    	1.41
23	0.9175 	0.0000 	0.0001	0.0001	-0.0001	+0.0000	+0.0000	+0.0000	+0.0001	+0.0000	+0.0000	    
24	0.9498 	0.0001 	0.0002	0.0002	+0.0000	+0.0000	+0.0000	+0.0001	+0.0000	+0.0001	+0.0001	    	1.73
25	0.9684 	0.0002 	0.0001	0.0002	+0.0000	+0.0000	+0.0000	-0.0001	+0.0000	+0.0000	-0.0001	    	0.71
26	0.9463 	0.0001 	0.0001	0.0002	+0.0001	+0.0001	+0.0000	+0.0000	+0.0001	+0.0001	+0.0000	    	1.41
27	0.9162 	0.0004 	0.0002	0.0005	+0.0000	+0.0000	+0.0002	+0.0000	-0.0001	-0.0001	+0.0000	    	0.56
28	0.9437 	0.0006 	0.0003	0.0007	+0.0001	-0.0001	-0.0003	+0.0000	-0.0001	-0.0001	+0.0000	    	0.55
29	0.9639 	0.0008 	0.0007	0.0010	+0.0001	+0.0003	+0.0006	+0.0000	-0.0001	-0.0001	+0.0000	    	0.85
30	0.9474 	0.0007 	0.0005	0.0008	+0.0000	-0.0001	-0.0002	+0.0000	-0.0001	+0.0000	-0.0004	    	0.67
31	0.9074 	0.0025 	0.0040	0.0047	-0.0018	+0.0002	-0.0014	-0.0001	-0.0001	+0.0001	+0.0033	    	1.60
Average	error:	0.000419 (stat)	0.000562 (syst)	0.000725 (total)

TnP Configurations 
Event Selection(Data) : ( (probe_isMedium && probe_miniIso_rhoAll < 0.1 && probe_iso03_sumPt/probe_pt < 0.4 && ( (probe_3DIPerrVTX > 0 && probe_3DIPVTX/probe_3DIPerrVTX < 3) || probe_3DIPerrVTX == 0) ) && tag_isTight && tag_HLT_IsoMu27_v==1 && tag_pt > 29 && fabs(tag_eta) < 2.4 && (tag_pfIso04_charged + max(0, tag_pfIso04_neutral+tag_pfIso04_photon-(0.5*tag_pfIso04_sumPU)))/tag_pt < 0.15 && 60 < pair_mass && pair_mass < 140 && pair_dR > 0.3) 
Event Selection(MC) : ( (probe_isMedium && probe_miniIso_rhoAll < 0.1 && probe_iso03_sumPt/probe_pt < 0.4 && ( (probe_3DIPerrVTX > 0 && probe_3DIPVTX/probe_3DIPerrVTX < 3) || probe_3DIPerrVTX == 0) ) && tag_isTight && tag_HLT_IsoMu27_v==1 && tag_pt > 29 && fabs(tag_eta) < 2.4 && (tag_pfIso04_charged + max(0, tag_pfIso04_neutral+tag_pfIso04_photon-(0.5*tag_pfIso04_sumPU)))/tag_pt < 0.15 && 60 < pair_mass && pair_mass < 140 && pair_dR > 0.3) 
Passing Probe Condtion : (probe_isMedium && probe_miniIso_rhoAll < 0.1 && probe_iso03_sumPt/probe_pt < 0.4 && ( (probe_3DIPerrVTX > 0 && probe_3DIPVTX/probe_3DIPerrVTX < 3) || probe_3DIPerrVTX == 0) ) && probe_hltDiMuon178RelTrkIsoFiltered0p4_dr<0.3 
Input file(Data) : ['/gv0/Users/choij/TnPTrees/v220707/muon/Run2017_UL/SingleMuon_2017.root'] 
Input file(MC) : ['/gv0/Users/choij/TnPTrees/v220707/muon/Run2017_UL/DYJetsToMuMu_M-50_massWgtFix_TuneCP5_13TeV-powhegMiNNLO-pythia8-photos.root'] 
Binnings : [{'var': 'fabs(probe_eta)', 'type': 'float', 'bins': [0.0, 0.9, 1.2, 2.1, 2.4], 'title': '|#eta_{SC}|'}, {'var': 'probe_pt', 'type': 'float', 'bins': [10.0, 15.0, 20.0, 25.0, 30.0, 40.0, 50.0, 100.0, 200.0], 'title': 'p_{T}'}] 
