ibin	Central	Staterr	Systerr	Totalerr  [MassRange]	[MassBin]	[TagIso]	[AltSig]   Syst/Stat
0	0.8488 	0.0008 	0.0155	0.0155	+0.0114	-0.0155	-0.0003	-0.0002	-0.0005	-0.0002	+0.0000	    	19.39
1	0.8609 	0.0016 	0.0108	0.0109	+0.0063	-0.0106	-0.0018	+0.0001	+0.0000	-0.0002	+0.0000	    	6.72
2	0.8588 	0.0013 	0.0078	0.0079	+0.0046	-0.0077	+0.0005	-0.0003	+0.0001	-0.0002	-0.0012	    	6.01
3	0.8014 	0.0022 	0.0047	0.0052	+0.0015	-0.0046	-0.0003	-0.0002	+0.0008	-0.0004	+0.0000	    	2.13
4	0.8791 	0.0010 	0.0188	0.0188	+0.0140	-0.0188	-0.0005	-0.0002	-0.0001	-0.0002	-0.0003	    	18.81
5	0.8897 	0.0016 	0.0147	0.0148	+0.0110	-0.0147	+0.0001	-0.0002	+0.0000	-0.0002	-0.0009	    	9.21
6	0.8855 	0.0008 	0.0107	0.0108	+0.0082	-0.0107	+0.0002	-0.0001	+0.0001	-0.0002	-0.0009	    	13.43
7	0.8249 	0.0015 	0.0069	0.0071	+0.0044	-0.0068	+0.0001	-0.0001	+0.0009	-0.0003	-0.0009	    	4.61
8	0.8965 	0.0004 	0.0140	0.0140	+0.0136	-0.0140	+0.0001	+0.0002	+0.0002	+0.0003	+0.0000	    	35.01
9	0.9037 	0.0012 	0.0165	0.0166	+0.0125	-0.0149	-0.0051	-0.0003	-0.0001	-0.0002	-0.0050	    	13.77
10	0.9041 	0.0003 	0.0097	0.0097	+0.0080	-0.0097	+0.0005	-0.0002	-0.0003	-0.0003	-0.0005	    	32.43
11	0.8446 	0.0010 	0.0057	0.0058	+0.0055	-0.0057	+0.0002	-0.0003	-0.0004	-0.0004	-0.0003	    	5.73
12	0.9268 	0.0003 	0.0065	0.0065	+0.0065	-0.0039	+0.0001	-0.0001	-0.0003	-0.0001	-0.0001	    	21.69
13	0.9212 	0.0007 	0.0074	0.0075	+0.0074	-0.0036	-0.0004	-0.0001	-0.0006	+0.0000	-0.0004	    	10.64
14	0.9224 	0.0005 	0.0068	0.0068	+0.0068	-0.0030	-0.0001	-0.0002	-0.0001	-0.0002	-0.0005	    	13.65
15	0.8675 	0.0008 	0.0042	0.0042	+0.0041	-0.0013	-0.0003	-0.0002	+0.0004	-0.0003	-0.0005	    	5.20
16	0.9592 	0.0001 	0.0013	0.0013	+0.0013	-0.0004	+0.0001	+0.0000	+0.0000	-0.0002	-0.0001	    	13.23
17	0.9527 	0.0002 	0.0022	0.0022	+0.0022	-0.0003	+0.0002	+0.0002	+0.0001	+0.0002	+0.0001	    	11.10
18	0.9455 	0.0001 	0.0017	0.0017	+0.0016	-0.0008	-0.0001	-0.0001	+0.0002	-0.0001	-0.0004	    	16.64
19	0.8858 	0.0004 	0.0017	0.0018	+0.0015	-0.0004	+0.0000	-0.0001	+0.0003	-0.0002	-0.0008	    	4.32
20	0.9784 	0.0003 	0.0002	0.0003	+0.0001	-0.0001	+0.0000	-0.0001	+0.0001	-0.0001	+0.0000	    	0.58
21	0.9758 	0.0001 	0.0003	0.0003	+0.0002	-0.0001	+0.0000	+0.0000	+0.0002	-0.0001	+0.0000	    	2.83
22	0.9630 	0.0004 	0.0003	0.0005	+0.0002	-0.0001	-0.0001	+0.0000	+0.0002	+0.0000	+0.0000	    	0.75
23	0.9007 	0.0004 	0.0003	0.0005	+0.0001	-0.0001	-0.0001	+0.0000	+0.0003	+0.0000	-0.0001	    	0.87
24	0.9805 	0.0001 	0.0002	0.0003	+0.0002	-0.0001	-0.0001	+0.0000	+0.0000	-0.0001	+0.0000	    	2.45
25	0.9780 	0.0003 	0.0009	0.0010	+0.0003	-0.0009	-0.0001	+0.0000	+0.0002	+0.0000	-0.0001	    	3.11
26	0.9647 	0.0002 	0.0006	0.0006	+0.0004	+0.0000	-0.0001	+0.0002	+0.0004	+0.0002	+0.0000	    	3.00
27	0.9021 	0.0008 	0.0042	0.0042	+0.0003	+0.0001	+0.0007	+0.0001	+0.0002	+0.0041	+0.0001	    	5.21
28	0.9813 	0.0006 	0.0006	0.0009	+0.0001	-0.0006	-0.0002	-0.0001	+0.0000	-0.0001	-0.0001	    	1.08
29	0.9769 	0.0004 	0.0013	0.0014	+0.0003	-0.0003	+0.0000	+0.0000	+0.0000	+0.0001	-0.0013	    	3.34
30	0.9651 	0.0003 	0.0007	0.0008	+0.0002	-0.0005	-0.0004	+0.0000	+0.0003	-0.0001	+0.0000	    	2.36
31	0.9044 	0.0013 	0.0039	0.0041	-0.0003	-0.0002	+0.0039	+0.0000	+0.0002	-0.0001	+0.0003	    	3.02
32	0.9815 	0.0014 	0.0014	0.0020	+0.0005	-0.0001	+0.0012	+0.0002	+0.0006	-0.0001	+0.0002	    	1.03
33	0.9725 	0.0037 	0.0019	0.0042	-0.0009	+0.0000	+0.0008	-0.0008	-0.0013	-0.0010	-0.0007	    	0.51
34	0.9640 	0.0031 	0.0020	0.0037	+0.0007	+0.0005	+0.0017	+0.0003	+0.0009	+0.0005	+0.0000	    	0.66
35	0.9220 	0.0121 	0.0036	0.0126	+0.0016	-0.0012	-0.0024	+0.0000	+0.0000	-0.0012	-0.0017	    	0.29
Average	error:	0.001175 (stat)	0.005290 (syst)	0.005741 (total)

TnP Configurations 
Event Selection(Data) : (probe_isTracker && tag_HLT_IsoMu24_v==1 && tag_pt > 26 && fabs(tag_eta) < 2.4 && (tag_pfIso04_charged + max(0, tag_pfIso04_neutral+tag_pfIso04_photon-(0.5*tag_pfIso04_sumPU)))/tag_pt < 0.2 && tag_isTight && 60 < pair_mass && pair_mass < 140 && pair_dR > 0.3 && pair_probeMultiplicity == 1) 
Event Selection(MC) : (probe_isTracker && tag_HLT_IsoMu24_v==1 && tag_pt > 26 && fabs(tag_eta) < 2.4 && (tag_pfIso04_charged + max(0, tag_pfIso04_neutral+tag_pfIso04_photon-(0.5*tag_pfIso04_sumPU)))/tag_pt < 0.2 && tag_isTight && 60 < pair_mass && pair_mass < 140 && pair_dR > 0.3 && pair_probeMultiplicity == 1) 
Passing Probe Condtion : probe_isMedium && probe_miniIso_rhoAll < 0.1 && probe_iso03_sumPt/probe_pt < 0.4 && ( (probe_3DIPerrVTX>0 && probe_3DIPVTX/probe_3DIPerrVTX<3) || probe_3DIPerrVTX==0) && abs(probe_dz) < 0.1 
Input file(Data) : ['/gv0/Users/choij/TnPTrees/v220707/muon/Run2016_UL/SingleMuon_2016b.root'] 
Input file(MC) : ['/gv0/Users/choij/TnPTrees/v220707/muon/Run2016_UL/DYJetsToMuMu_M-50_TuneCP5_13TeV-powhegMiNNLO-pythia8-photos.root'] 
Binnings : [{'var': 'fabs(probe_eta)', 'type': 'float', 'bins': [0.0, 0.9, 1.2, 2.1, 2.4], 'title': '|#eta_{SC}|'}, {'var': 'probe_pt', 'type': 'float', 'bins': [10.0, 15.0, 20.0, 25.0, 30.0, 40.0, 50.0, 60.0, 120.0, 200.0], 'title': 'p_{T}'}] 
