ibin	Central	Staterr	Systerr	Totalerr  [MassRange]	[MassBin]	[TagIso]	[AltSig]   Syst/Stat
0	0.8273 	0.0029 	0.0139	0.0142	+0.0120	-0.0136	-0.0008	-0.0001	+0.0003	-0.0004	+0.0025	    	4.78
1	0.8351 	0.0037 	0.0092	0.0099	+0.0076	-0.0084	-0.0037	-0.0004	+0.0001	-0.0007	+0.0000	    	2.49
2	0.8209 	0.0020 	0.0062	0.0065	+0.0048	-0.0058	-0.0020	-0.0003	+0.0005	-0.0003	+0.0000	    	3.08
3	0.7724 	0.0035 	0.0051	0.0062	+0.0011	-0.0042	+0.0021	-0.0004	-0.0005	-0.0006	-0.0019	    	1.46
4	0.8626 	0.0015 	0.0176	0.0177	+0.0144	-0.0176	+0.0000	-0.0001	-0.0003	-0.0001	-0.0011	    	11.76
5	0.8687 	0.0024 	0.0145	0.0147	+0.0106	-0.0145	-0.0009	-0.0001	-0.0004	+0.0003	-0.0001	    	6.06
6	0.8499 	0.0013 	0.0106	0.0106	+0.0072	-0.0105	+0.0008	-0.0002	+0.0006	-0.0004	-0.0004	    	8.12
7	0.8030 	0.0024 	0.0067	0.0071	+0.0047	-0.0066	-0.0009	-0.0002	+0.0006	+0.0002	-0.0003	    	2.79
8	0.8868 	0.0008 	0.0142	0.0142	+0.0142	-0.0141	-0.0003	+0.0001	+0.0002	+0.0001	-0.0001	    	17.76
9	0.8831 	0.0016 	0.0155	0.0156	+0.0125	-0.0155	+0.0002	-0.0002	-0.0004	-0.0002	-0.0003	    	9.69
10	0.8723 	0.0009 	0.0105	0.0106	+0.0091	-0.0105	-0.0003	-0.0001	+0.0000	-0.0001	-0.0004	    	11.68
11	0.8277 	0.0016 	0.0054	0.0056	+0.0048	-0.0054	+0.0003	+0.0000	-0.0001	-0.0002	-0.0001	    	3.38
12	0.9142 	0.0005 	0.0092	0.0092	+0.0092	-0.0045	+0.0000	+0.0000	-0.0003	-0.0001	-0.0001	    	18.41
13	0.9053 	0.0010 	0.0105	0.0106	+0.0105	-0.0058	-0.0004	-0.0001	-0.0005	-0.0002	+0.0000	    	10.52
14	0.8956 	0.0006 	0.0078	0.0078	+0.0078	-0.0030	+0.0003	-0.0001	+0.0000	-0.0001	-0.0003	    	13.02
15	0.8536 	0.0011 	0.0047	0.0048	+0.0046	-0.0024	+0.0004	+0.0000	+0.0000	-0.0001	-0.0006	    	4.23
16	0.9486 	0.0001 	0.0015	0.0015	+0.0015	+0.0003	+0.0001	+0.0000	+0.0001	+0.0000	+0.0003	    	15.36
17	0.9385 	0.0005 	0.0011	0.0012	+0.0010	-0.0007	-0.0001	-0.0001	+0.0001	-0.0001	-0.0003	    	2.11
18	0.9263 	0.0011 	0.0010	0.0015	+0.0006	-0.0009	+0.0000	-0.0001	+0.0002	-0.0001	-0.0004	    	0.92
19	0.8805 	0.0023 	0.0017	0.0029	+0.0000	-0.0009	-0.0001	+0.0000	+0.0003	+0.0000	-0.0014	    	0.74
20	0.9695 	0.0002 	0.0003	0.0003	+0.0001	-0.0001	-0.0001	+0.0000	+0.0002	-0.0001	-0.0001	    	1.32
21	0.9640 	0.0002 	0.0003	0.0004	+0.0002	-0.0001	-0.0001	+0.0000	+0.0002	-0.0001	+0.0000	    	1.50
22	0.9486 	0.0006 	0.0003	0.0007	+0.0001	+0.0000	+0.0000	+0.0001	+0.0002	-0.0001	-0.0001	    	0.44
23	0.8998 	0.0005 	0.0004	0.0006	+0.0001	-0.0001	+0.0003	+0.0000	+0.0002	+0.0000	+0.0000	    	0.75
24	0.9727 	0.0003 	0.0003	0.0004	+0.0002	+0.0001	+0.0000	+0.0000	+0.0002	+0.0000	+0.0000	    	0.94
25	0.9679 	0.0005 	0.0005	0.0007	+0.0004	-0.0002	+0.0002	+0.0000	+0.0002	-0.0001	+0.0000	    	0.98
26	0.9549 	0.0004 	0.0005	0.0007	+0.0004	-0.0001	+0.0002	+0.0000	+0.0003	+0.0000	+0.0000	    	1.35
27	0.9087 	0.0011 	0.0053	0.0054	+0.0014	-0.0024	-0.0029	+0.0000	-0.0026	+0.0000	-0.0027	    	4.83
28	0.9746 	0.0003 	0.0002	0.0004	+0.0001	+0.0002	-0.0001	+0.0000	+0.0001	-0.0001	+0.0000	    	0.82
29	0.9687 	0.0007 	0.0001	0.0007	+0.0000	+0.0000	+0.0000	+0.0000	+0.0000	-0.0001	+0.0000	    	0.14
30	0.9563 	0.0006 	0.0004	0.0007	+0.0000	+0.0004	+0.0000	+0.0000	+0.0002	-0.0001	+0.0000	    	0.75
31	0.9093 	0.0019 	0.0015	0.0024	-0.0011	+0.0003	-0.0009	+0.0001	-0.0006	+0.0001	+0.0000	    	0.81
32	0.9759 	0.0026 	0.0022	0.0034	-0.0006	-0.0010	+0.0012	-0.0001	+0.0016	+0.0003	-0.0002	    	0.86
33	0.9744 	0.0049 	0.0050	0.0070	-0.0025	-0.0023	-0.0035	-0.0013	+0.0007	-0.0017	-0.0018	    	1.01
34	0.9532 	0.0044 	0.0017	0.0047	+0.0001	-0.0006	+0.0014	+0.0001	+0.0008	-0.0006	-0.0002	    	0.39
35	0.9430 	0.0194 	0.0209	0.0285	-0.0056	-0.0048	-0.0012	-0.0012	-0.0107	-0.0007	+0.0170	    	1.08
Average	error:	0.001956 (stat)	0.005746 (syst)	0.006375 (total)

TnP Configurations 
Event Selection(Data) : (probe_isTracker && tag_HLT_IsoMu24_v==1 && tag_pt > 26 && fabs(tag_eta) < 2.4 && (tag_pfIso04_charged + max(0, tag_pfIso04_neutral+tag_pfIso04_photon-(0.5*tag_pfIso04_sumPU)))/tag_pt < 0.2 && tag_isTight && 60 < pair_mass && pair_mass < 140 && pair_dR > 0.3 && pair_probeMultiplicity == 1) 
Event Selection(MC) : (probe_isTracker && tag_HLT_IsoMu24_v==1 && tag_pt > 26 && fabs(tag_eta) < 2.4 && (tag_pfIso04_charged + max(0, tag_pfIso04_neutral+tag_pfIso04_photon-(0.5*tag_pfIso04_sumPU)))/tag_pt < 0.2 && tag_isTight && 60 < pair_mass && pair_mass < 140 && pair_dR > 0.3 && pair_probeMultiplicity == 1)*(genWeight) 
Passing Probe Condtion : probe_isMedium && probe_miniIso_rhoAll < 0.1 && probe_iso03_sumPt/probe_pt < 0.4 && ( (probe_3DIPerrVTX>0 && probe_3DIPVTX/probe_3DIPerrVTX<3) || probe_3DIPerrVTX==0) && abs(probe_dz) < 0.1 
Input file(Data) : ['/gv0/Users/choij/TnPTrees/v220707/muon/Run2018_UL/SingleMuon_2018.root'] 
Input file(MC) : ['/gv0/Users/choij/TnPTrees/v220707/muon/Run2018_UL/DYJetsToLL_M-50_TuneCP5_13TeV-madgraphMLM-pythia8.root'] 
Binnings : [{'var': 'fabs(probe_eta)', 'type': 'float', 'bins': [0.0, 0.9, 1.2, 2.1, 2.4], 'title': '|#eta_{SC}|'}, {'var': 'probe_pt', 'type': 'float', 'bins': [10.0, 15.0, 20.0, 25.0, 30.0, 40.0, 50.0, 60.0, 120.0, 200.0], 'title': 'p_{T}'}] 
