ibin	Central	Staterr	Systerr	Totalerr  [MassRange]	[MassBin]	[TagIso]	[AltSig]   Syst/Stat
0	0.7712 	0.0016 	0.0167	0.0168	-0.0129	+0.0106	-0.0003	+0.0000	+0.0105	+0.0105	+0.0018	    	10.46
1	0.7844 	0.0032 	0.0134	0.0138	-0.0109	+0.0048	-0.0011	-0.0003	+0.0077	+0.0074	+0.0000	    	4.18
2	0.8005 	0.0013 	0.0066	0.0067	-0.0050	+0.0032	-0.0002	-0.0006	+0.0042	+0.0034	+0.0001	    	5.04
3	0.7640 	0.0026 	0.0040	0.0048	-0.0018	+0.0023	+0.0006	+0.0004	+0.0027	+0.0032	+0.0003	    	1.54
4	0.8136 	0.0010 	0.0227	0.0227	-0.0185	+0.0141	-0.0001	-0.0004	+0.0130	+0.0131	-0.0009	    	22.69
5	0.8232 	0.0009 	0.0197	0.0197	-0.0161	+0.0112	+0.0000	-0.0001	+0.0111	+0.0113	-0.0009	    	21.88
6	0.8250 	0.0009 	0.0146	0.0146	-0.0105	+0.0077	+0.0000	-0.0001	+0.0079	+0.0081	-0.0060	    	16.17
7	0.7860 	0.0018 	0.0109	0.0110	-0.0085	+0.0057	-0.0001	+0.0000	+0.0060	+0.0055	-0.0031	    	6.03
8	0.8432 	0.0008 	0.0183	0.0183	-0.0082	+0.0132	+0.0000	-0.0001	+0.0127	+0.0127	+0.0000	    	22.90
9	0.8417 	0.0014 	0.0197	0.0198	-0.0094	+0.0139	-0.0002	-0.0003	+0.0133	+0.0140	-0.0002	    	14.09
10	0.8435 	0.0010 	0.0150	0.0150	-0.0089	+0.0106	-0.0002	-0.0002	+0.0102	+0.0106	-0.0005	    	15.00
11	0.8034 	0.0011 	0.0099	0.0100	-0.0072	+0.0069	-0.0001	-0.0001	+0.0068	+0.0068	-0.0004	    	9.01
12	0.8837 	0.0004 	0.0035	0.0036	+0.0001	+0.0026	+0.0000	-0.0001	+0.0024	+0.0022	+0.0000	    	8.85
13	0.8705 	0.0007 	0.0066	0.0066	-0.0007	+0.0048	+0.0000	-0.0001	+0.0044	+0.0045	-0.0002	    	9.40
14	0.8709 	0.0004 	0.0062	0.0062	-0.0011	+0.0045	+0.0005	+0.0004	+0.0040	+0.0041	-0.0010	    	15.47
15	0.8298 	0.0012 	0.0036	0.0038	-0.0012	+0.0028	+0.0000	+0.0000	+0.0022	+0.0023	-0.0003	    	3.03
16	0.9315 	0.0001 	0.0004	0.0005	-0.0001	+0.0002	+0.0000	+0.0000	+0.0004	+0.0001	+0.0000	    	4.47
17	0.9191 	0.0003 	0.0006	0.0007	-0.0002	+0.0005	+0.0000	+0.0000	+0.0003	+0.0002	+0.0000	    	1.94
18	0.9084 	0.0003 	0.0006	0.0007	-0.0003	+0.0006	+0.0000	+0.0000	+0.0002	+0.0002	+0.0000	    	2.11
19	0.8603 	0.0017 	0.0007	0.0019	-0.0002	+0.0007	+0.0001	+0.0000	+0.0001	+0.0000	-0.0002	    	0.44
20	0.9557 	0.0002 	0.0002	0.0003	-0.0001	+0.0001	+0.0000	+0.0000	+0.0002	-0.0001	+0.0000	    	1.12
21	0.9496 	0.0002 	0.0005	0.0006	+0.0000	+0.0002	+0.0000	+0.0000	+0.0005	+0.0001	+0.0000	    	2.69
22	0.9341 	0.0001 	0.0007	0.0007	-0.0006	-0.0002	-0.0003	+0.0000	+0.0000	-0.0002	-0.0002	    	7.28
23	0.8777 	0.0004 	0.0002	0.0005	+0.0001	+0.0001	-0.0001	-0.0001	+0.0002	+0.0000	+0.0000	    	0.61
24	0.9596 	0.0002 	0.0003	0.0004	-0.0002	+0.0003	+0.0000	+0.0000	+0.0001	+0.0001	+0.0001	    	1.66
25	0.9529 	0.0004 	0.0004	0.0006	-0.0004	+0.0003	+0.0000	+0.0000	+0.0000	+0.0000	+0.0000	    	1.00
26	0.9368 	0.0003 	0.0006	0.0006	-0.0004	+0.0005	-0.0001	+0.0000	+0.0002	+0.0001	-0.0001	    	1.86
27	0.8821 	0.0008 	0.0034	0.0035	+0.0016	+0.0034	+0.0000	+0.0000	+0.0004	+0.0004	+0.0000	    	4.28
28	0.9612 	0.0003 	0.0003	0.0004	-0.0001	+0.0001	+0.0000	+0.0000	+0.0003	+0.0003	+0.0000	    	1.05
29	0.9521 	0.0006 	0.0014	0.0015	+0.0000	+0.0002	+0.0000	+0.0000	+0.0006	+0.0014	-0.0002	    	2.38
30	0.9361 	0.0004 	0.0006	0.0007	+0.0001	-0.0001	-0.0001	-0.0001	+0.0004	+0.0006	+0.0000	    	1.54
31	0.8782 	0.0014 	0.0025	0.0028	-0.0008	+0.0011	+0.0001	+0.0000	+0.0019	+0.0015	+0.0011	    	1.76
32	0.9593 	0.0011 	0.0004	0.0012	-0.0002	+0.0001	+0.0000	-0.0001	-0.0002	+0.0000	-0.0002	    	0.33
33	0.9505 	0.0020 	0.0032	0.0038	-0.0015	-0.0021	-0.0001	-0.0016	-0.0018	-0.0016	+0.0000	    	1.60
34	0.9316 	0.0016 	0.0014	0.0021	-0.0002	+0.0009	+0.0007	+0.0005	+0.0007	+0.0000	-0.0002	    	0.85
35	0.8731 	0.0085 	0.0261	0.0275	+0.0181	-0.0160	+0.0003	+0.0004	-0.0031	-0.0156	+0.0106	    	3.08
Average	error:	0.001144 (stat)	0.006558 (syst)	0.006786 (total)

TnP Configurations 
Event Selection(Data) : (probe_isTracker && tag_HLT_IsoMu27_v==1 && tag_pt > 29 && fabs(tag_eta) < 2.4 && (tag_pfIso04_charged + max(0, tag_pfIso04_neutral+tag_pfIso04_photon-(0.5*tag_pfIso04_sumPU)))/tag_pt < 0.2 && tag_isTight && 60 < pair_mass && pair_mass < 140 && pair_dR > 0.3) 
Event Selection(MC) : (probe_isTracker && tag_HLT_IsoMu27_v==1 && tag_pt > 29 && fabs(tag_eta) < 2.4 && (tag_pfIso04_charged + max(0, tag_pfIso04_neutral+tag_pfIso04_photon-(0.5*tag_pfIso04_sumPU)))/tag_pt < 0.2 && tag_isTight && 60 < pair_mass && pair_mass < 140 && pair_dR > 0.3) 
Passing Probe Condtion : probe_isMedium && probe_miniIso_rhoAll < 0.1 && probe_iso03_sumPt/probe_pt < 0.4 && ( (probe_3DIPerrVTX>0 && probe_3DIPVTX/probe_3DIPerrVTX<3) || probe_3DIPerrVTX==0) && abs(probe_dz) < 0.1 
Input file(Data) : ['/gv0/Users/choij/TnPTrees/muon/Run2017_UL/SingleMuon_2017.root'] 
Input file(MC) : ['/gv0/Users/choij/TnPTrees/muon/Run2017_UL/DYJetsToMuMu_M-50_massWgtFix_TuneCP5_13TeV-powhegMiNNLO-pythia8-photos.root'] 
Binnings : [{'var': 'fabs(probe_eta)', 'type': 'float', 'bins': [0.0, 0.9, 1.2, 2.1, 2.4], 'title': '|#eta_{SC}|'}, {'var': 'probe_pt', 'type': 'float', 'bins': [10.0, 15.0, 20.0, 25.0, 30.0, 40.0, 50.0, 60.0, 120.0, 200.0], 'title': 'p_{T}'}] 
