ibin	Central	Staterr	Systerr	Totalerr  [MassRange]	[MassBin]	[TagIso]	[AltSig]   Syst/Stat
0	0.7929 	0.0006 	0.0146	0.0147	-0.0103	+0.0089	-0.0003	-0.0001	+0.0087	+0.0104	+0.0000	    	24.40
1	0.7944 	0.0010 	0.0108	0.0109	-0.0077	+0.0065	+0.0007	-0.0003	+0.0074	+0.0076	+0.0000	    	10.84
2	0.7957 	0.0008 	0.0092	0.0093	-0.0050	+0.0061	+0.0000	+0.0000	+0.0061	+0.0060	-0.0033	    	11.55
3	0.7641 	0.0007 	0.0060	0.0060	-0.0046	+0.0037	-0.0001	+0.0000	+0.0038	+0.0031	-0.0003	    	8.54
4	0.8350 	0.0006 	0.0195	0.0195	-0.0153	+0.0122	-0.0002	-0.0002	+0.0119	+0.0121	+0.0000	    	32.51
5	0.8288 	0.0010 	0.0182	0.0183	-0.0146	+0.0099	-0.0003	-0.0001	+0.0105	+0.0109	-0.0008	    	18.24
6	0.8245 	0.0006 	0.0130	0.0130	-0.0100	+0.0083	-0.0002	-0.0001	+0.0081	+0.0082	-0.0009	    	21.61
7	0.7909 	0.0012 	0.0094	0.0095	-0.0073	+0.0062	-0.0002	+0.0000	+0.0059	+0.0059	-0.0003	    	7.83
8	0.8626 	0.0004 	0.0167	0.0167	-0.0089	+0.0118	-0.0002	-0.0001	+0.0118	+0.0117	-0.0001	    	41.72
9	0.8486 	0.0004 	0.0188	0.0188	-0.0106	+0.0132	-0.0002	-0.0002	+0.0133	+0.0133	-0.0012	    	46.94
10	0.8461 	0.0005 	0.0138	0.0138	-0.0090	+0.0092	-0.0002	-0.0002	+0.0103	+0.0103	-0.0007	    	27.66
11	0.8136 	0.0009 	0.0090	0.0090	-0.0062	+0.0064	-0.0002	-0.0001	+0.0063	+0.0062	-0.0001	    	9.98
12	0.8979 	0.0006 	0.0061	0.0061	-0.0007	+0.0043	+0.0003	+0.0002	+0.0043	+0.0042	+0.0004	    	10.17
13	0.8809 	0.0011 	0.0055	0.0056	-0.0009	+0.0039	-0.0008	-0.0004	+0.0036	+0.0038	-0.0006	    	5.03
14	0.8769 	0.0007 	0.0041	0.0041	-0.0011	+0.0028	-0.0002	-0.0002	+0.0028	+0.0028	-0.0009	    	5.81
15	0.8403 	0.0016 	0.0040	0.0043	-0.0022	+0.0024	-0.0009	-0.0010	+0.0028	+0.0024	-0.0011	    	2.49
16	0.9409 	0.0001 	0.0008	0.0009	-0.0001	+0.0006	+0.0000	+0.0000	+0.0006	+0.0004	+0.0000	    	8.49
17	0.9253 	0.0002 	0.0009	0.0009	-0.0001	+0.0005	+0.0000	+0.0000	+0.0007	+0.0005	-0.0001	    	4.33
18	0.9134 	0.0002 	0.0013	0.0013	-0.0002	+0.0007	+0.0000	+0.0001	+0.0007	+0.0010	-0.0004	    	6.44
19	0.8705 	0.0003 	0.0010	0.0010	+0.0000	+0.0005	+0.0001	+0.0001	+0.0007	+0.0004	-0.0005	    	3.33
20	0.9638 	0.0001 	0.0003	0.0003	-0.0001	+0.0001	+0.0000	+0.0000	+0.0003	+0.0000	+0.0000	    	3.16
21	0.9548 	0.0001 	0.0004	0.0004	-0.0003	+0.0001	+0.0000	+0.0000	+0.0003	-0.0001	+0.0000	    	4.24
22	0.9365 	0.0001 	0.0006	0.0006	-0.0004	+0.0001	-0.0002	+0.0000	+0.0004	+0.0000	+0.0000	    	6.00
23	0.8876 	0.0001 	0.0005	0.0005	-0.0001	+0.0002	+0.0002	+0.0002	+0.0003	+0.0001	+0.0002	    	4.58
24	0.9664 	0.0002 	0.0004	0.0004	-0.0001	+0.0003	+0.0000	+0.0000	+0.0002	+0.0000	+0.0000	    	1.80
25	0.9562 	0.0003 	0.0010	0.0011	-0.0001	+0.0005	+0.0000	+0.0000	-0.0009	+0.0001	+0.0000	    	3.43
26	0.9383 	0.0002 	0.0017	0.0018	-0.0002	+0.0007	+0.0000	+0.0000	+0.0004	-0.0016	+0.0000	    	8.73
27	0.8843 	0.0010 	0.0066	0.0067	+0.0042	-0.0001	-0.0001	-0.0001	+0.0051	+0.0001	-0.0001	    	6.61
28	0.9675 	0.0002 	0.0003	0.0004	+0.0000	+0.0000	+0.0000	+0.0000	+0.0003	+0.0002	+0.0000	    	1.50
29	0.9552 	0.0004 	0.0003	0.0005	+0.0001	-0.0001	+0.0000	+0.0000	+0.0002	+0.0003	+0.0000	    	0.79
30	0.9357 	0.0003 	0.0007	0.0008	-0.0001	-0.0001	+0.0000	+0.0000	+0.0007	+0.0006	+0.0000	    	2.36
31	0.8949 	0.0013 	0.0128	0.0129	+0.0001	+0.0004	+0.0000	+0.0000	+0.0008	-0.0089	-0.0092	    	9.85
32	0.9661 	0.0011 	0.0007	0.0013	+0.0000	+0.0004	-0.0002	+0.0000	+0.0004	+0.0001	-0.0003	    	0.61
33	0.9506 	0.0014 	0.0021	0.0025	+0.0010	+0.0016	+0.0005	+0.0001	+0.0012	+0.0008	-0.0003	    	1.49
34	0.9314 	0.0014 	0.0019	0.0023	-0.0005	+0.0002	+0.0002	+0.0001	+0.0006	+0.0002	-0.0017	    	1.34
35	0.9025 	0.0050 	0.0017	0.0053	-0.0005	+0.0010	+0.0001	+0.0002	-0.0011	+0.0006	-0.0008	    	0.34
Average	error:	0.000742 (stat)	0.005966 (syst)	0.006150 (total)

TnP Configurations 
Event Selection(Data) : (probe_isTracker && tag_HLT_IsoMu27_v==1 && tag_pt > 29 && fabs(tag_eta) < 2.4 && (tag_pfIso04_charged + max(0, tag_pfIso04_neutral+tag_pfIso04_photon-(0.5*tag_pfIso04_sumPU)))/tag_pt < 0.2 && tag_isTight && 60 < pair_mass && pair_mass < 140 && pair_dR > 0.3) 
Event Selection(MC) : (probe_isTracker && tag_HLT_IsoMu27_v==1 && tag_pt > 29 && fabs(tag_eta) < 2.4 && (tag_pfIso04_charged + max(0, tag_pfIso04_neutral+tag_pfIso04_photon-(0.5*tag_pfIso04_sumPU)))/tag_pt < 0.2 && tag_isTight && 60 < pair_mass && pair_mass < 140 && pair_dR > 0.3) 
Passing Probe Condtion : probe_isMedium && probe_miniIso_rhoAll < 0.1 && probe_iso03_sumPt/probe_pt < 0.4 && ( (probe_3DIPerrVTX>0 && probe_3DIPVTX/probe_3DIPerrVTX<3) || probe_3DIPerrVTX==0) && abs(probe_dz) < 0.1 
Input file(Data) : ['/gv0/Users/choij/TnPTrees/muon/Run2017_UL/SingleMuon_2017.root'] 
Input file(MC) : ['/gv0/Users/choij/TnPTrees/muon/Run2017_UL/DYJetsToMuMu_M-50_massWgtFix_TuneCP5_13TeV-powhegMiNNLO-pythia8-photos.root'] 
Binnings : [{'var': 'fabs(probe_eta)', 'type': 'float', 'bins': [0.0, 0.9, 1.2, 2.1, 2.4], 'title': '|#eta_{SC}|'}, {'var': 'probe_pt', 'type': 'float', 'bins': [10.0, 15.0, 20.0, 25.0, 30.0, 40.0, 50.0, 60.0, 120.0, 200.0], 'title': 'p_{T}'}] 
