ibin	Central	Staterr	Systerr	Totalerr  [MassRange]	[MassBin]	[TagIso]	[AltSig]   Syst/Stat
0	0.8292 	0.0000 	0.0140	0.0140	+0.0091	-0.0139	-0.0007	-0.0012	-0.0001	-0.0001	-0.0011	    
1	0.8338 	0.0000 	0.0080	0.0080	+0.0079	-0.0080	-0.0006	-0.0003	-0.0003	+0.0000	+0.0000	    
2	0.8205 	0.0000 	0.0067	0.0067	+0.0050	-0.0066	-0.0002	-0.0003	+0.0004	-0.0001	-0.0008	    
3	0.7714 	0.0000 	0.0126	0.0126	+0.0030	-0.0039	+0.0001	-0.0002	+0.0004	+0.0003	-0.0120	    
4	0.8629 	0.0000 	0.0219	0.0219	+0.0145	-0.0211	+0.0010	-0.0034	-0.0034	-0.0032	-0.0035	    
5	0.8697 	0.0000 	0.0126	0.0126	+0.0104	-0.0126	-0.0009	-0.0001	-0.0001	+0.0001	+0.0000	    
6	0.8507 	0.0000 	0.0096	0.0096	+0.0074	-0.0095	-0.0001	-0.0003	+0.0000	-0.0001	-0.0010	    
7	0.8032 	0.0000 	0.0063	0.0063	+0.0041	-0.0062	+0.0009	-0.0002	+0.0008	-0.0002	-0.0002	    
8	0.8857 	0.0000 	0.0160	0.0160	+0.0127	-0.0130	-0.0093	+0.0002	+0.0001	+0.0002	+0.0000	    
9	0.8872 	0.0000 	0.0179	0.0179	+0.0086	-0.0172	-0.0002	-0.0002	-0.0033	-0.0003	-0.0038	    
10	0.8741 	0.0000 	0.0096	0.0096	+0.0080	-0.0096	-0.0002	-0.0002	+0.0001	-0.0001	-0.0004	    
11	0.8253 	0.0000 	0.0053	0.0053	+0.0043	-0.0053	-0.0003	+0.0001	+0.0003	+0.0000	+0.0000	    
12	0.9150 	0.0000 	0.0055	0.0055	+0.0047	-0.0039	+0.0002	-0.0016	-0.0017	-0.0015	-0.0018	    
13	0.9054 	0.0000 	0.0071	0.0071	+0.0071	-0.0045	+0.0002	-0.0001	-0.0003	+0.0001	+0.0000	    
14	0.8966 	0.0000 	0.0068	0.0068	+0.0068	-0.0029	-0.0001	-0.0004	-0.0002	-0.0003	-0.0006	    
15	0.8534 	0.0000 	0.0038	0.0038	+0.0038	-0.0020	+0.0002	-0.0002	+0.0001	-0.0001	-0.0004	    
16	0.9490 	0.0000 	0.0013	0.0013	+0.0013	-0.0006	+0.0000	-0.0001	+0.0001	-0.0001	-0.0002	    
17	0.9388 	0.0000 	0.0020	0.0020	+0.0020	-0.0008	+0.0000	-0.0003	+0.0001	+0.0000	-0.0002	    
18	0.9258 	0.0000 	0.0020	0.0020	+0.0019	-0.0009	+0.0000	-0.0001	-0.0002	+0.0000	-0.0004	    
19	0.8779 	0.0000 	0.0023	0.0023	+0.0022	-0.0002	+0.0002	+0.0002	+0.0003	+0.0002	-0.0005	    
20	0.9692 	0.0000 	0.0002	0.0002	+0.0001	-0.0001	-0.0001	-0.0001	+0.0002	-0.0001	+0.0000	    
21	0.9637 	0.0000 	0.0004	0.0004	+0.0002	-0.0001	+0.0000	+0.0000	+0.0003	+0.0000	+0.0001	    
22	0.9481 	0.0000 	0.0003	0.0003	+0.0002	-0.0002	+0.0000	-0.0001	+0.0002	+0.0000	-0.0001	    
23	0.8989 	0.0000 	0.0003	0.0003	+0.0002	+0.0001	-0.0001	+0.0000	+0.0002	-0.0001	+0.0000	    
24	0.9727 	0.0000 	0.0003	0.0003	+0.0002	-0.0002	-0.0002	-0.0001	+0.0001	-0.0001	-0.0001	    
25	0.9671 	0.0000 	0.0008	0.0008	+0.0003	-0.0008	+0.0001	+0.0000	+0.0001	-0.0002	+0.0000	    
26	0.9534 	0.0000 	0.0010	0.0010	+0.0003	+0.0000	+0.0002	+0.0000	+0.0005	+0.0002	-0.0008	    
27	0.9095 	0.0000 	0.0038	0.0038	-0.0026	-0.0001	-0.0002	-0.0001	+0.0002	+0.0000	-0.0028	    
28	0.9747 	0.0000 	0.0003	0.0003	+0.0001	-0.0002	-0.0002	-0.0001	+0.0001	-0.0001	-0.0001	    
29	0.9683 	0.0000 	0.0017	0.0017	+0.0003	-0.0014	+0.0000	-0.0001	+0.0000	-0.0001	-0.0010	    
30	0.9539 	0.0000 	0.0030	0.0030	+0.0023	+0.0018	+0.0000	+0.0000	-0.0002	+0.0001	+0.0019	    
31	0.9166 	0.0000 	0.0098	0.0098	+0.0014	-0.0003	-0.0056	+0.0000	-0.0055	-0.0001	-0.0057	    
32	0.9764 	0.0000 	0.0014	0.0014	+0.0000	-0.0001	+0.0014	-0.0001	-0.0002	+0.0002	-0.0001	    
33	0.9695 	0.0000 	0.0010	0.0010	+0.0003	-0.0004	+0.0002	+0.0001	+0.0003	+0.0001	-0.0009	    
34	0.9570 	0.0000 	0.0007	0.0007	+0.0005	+0.0002	+0.0003	+0.0000	+0.0003	-0.0002	-0.0003	    
35	0.9258 	0.0000 	0.0126	0.0126	+0.0017	+0.0005	-0.0015	-0.0002	+0.0110	+0.0002	+0.0058	    
Average	error:	0.000000 (stat)	0.005817 (syst)	0.005817 (total)

TnP Configurations 
Event Selection(Data) : (probe_isTracker && tag_HLT_IsoMu24_v==1 && tag_pt > 26 && fabs(tag_eta) < 2.4 && (tag_pfIso04_charged + max(0, tag_pfIso04_neutral+tag_pfIso04_photon-(0.5*tag_pfIso04_sumPU)))/tag_pt < 0.2 && tag_isTight && 60 < pair_mass && pair_mass < 140 && pair_dR > 0.3 && pair_probeMultiplicity == 1) 
Event Selection(MC) : (probe_isTracker && tag_HLT_IsoMu24_v==1 && tag_pt > 26 && fabs(tag_eta) < 2.4 && (tag_pfIso04_charged + max(0, tag_pfIso04_neutral+tag_pfIso04_photon-(0.5*tag_pfIso04_sumPU)))/tag_pt < 0.2 && tag_isTight && 60 < pair_mass && pair_mass < 140 && pair_dR > 0.3 && pair_probeMultiplicity == 1)*(genWeight) 
Passing Probe Condtion : probe_isMedium && probe_miniIso_rhoAll < 0.1 && probe_iso03_sumPt/probe_pt < 0.4 && ( (probe_3DIPerrVTX>0 && probe_3DIPVTX/probe_3DIPerrVTX<3) || probe_3DIPerrVTX==0) && abs(probe_dz) < 0.1 
Input file(Data) : ['/gv0/Users/choij/TnPTrees/v220707/muon/Run2018_UL/SingleMuon_2018.root'] 
Input file(MC) : ['/gv0/Users/choij/TnPTrees/v220707/muon/Run2018_UL/DYJetsToMuMu_M-50_massWgtFix_TuneCP5_13TeV-powhegMiNNLO-pythia8-photos.root'] 
Binnings : [{'var': 'fabs(probe_eta)', 'type': 'float', 'bins': [0.0, 0.9, 1.2, 2.1, 2.4], 'title': '|#eta_{SC}|'}, {'var': 'probe_pt', 'type': 'float', 'bins': [10.0, 15.0, 20.0, 25.0, 30.0, 40.0, 50.0, 60.0, 120.0, 200.0], 'title': 'p_{T}'}] 
