ibin	Central	Staterr	Systerr	Totalerr  [MassRange]	[MassBin]	[TagIso]	[AltSig]   Syst/Stat
0	0.0000 	0.0000 	0.0000	0.0000	+0.0000	+0.0000	+0.0000	+0.0000	+0.0000	+0.0000	+0.0000	    
1	0.0003 	0.0002 	0.0000	0.0002	+0.0000	+0.0000	+0.0000	+0.0000	+0.0000	+0.0000	+0.0000	    	0.00
2	0.0002 	0.0000 	0.0001	0.0001	+0.0000	+0.0000	+0.0000	+0.0000	+0.0000	+0.0000	+0.0001	    
3	0.0006 	0.0004 	0.0002	0.0004	-0.0001	+0.0000	+0.0000	-0.0001	-0.0001	-0.0001	+0.0000	    	0.43
4	0.0001 	0.0001 	0.0000	0.0001	+0.0000	+0.0000	+0.0000	+0.0000	+0.0000	+0.0000	+0.0000	    	0.00
5	0.0011 	0.0008 	0.0002	0.0008	-0.0002	-0.0001	+0.0000	-0.0001	-0.0001	-0.0001	+0.0000	    	0.31
6	0.0023 	0.0002 	0.0004	0.0004	-0.0002	+0.0002	-0.0002	+0.0000	+0.0001	+0.0000	+0.0002	    	1.80
7	0.0033 	0.0003 	0.0005	0.0006	-0.0001	+0.0000	+0.0000	+0.0000	+0.0001	+0.0000	+0.0005	    	1.73
8	0.5035 	0.0013 	0.0013	0.0018	+0.0005	-0.0010	+0.0007	+0.0000	-0.0002	+0.0000	+0.0002	    	0.96
9	0.5073 	0.0022 	0.0019	0.0029	-0.0007	-0.0015	-0.0011	+0.0001	+0.0000	+0.0002	-0.0001	    	0.85
10	0.5045 	0.0013 	0.0018	0.0022	-0.0011	+0.0005	-0.0001	+0.0001	-0.0004	+0.0003	+0.0014	    	1.41
11	0.4841 	0.0025 	0.0101	0.0104	-0.0011	+0.0017	-0.0037	+0.0004	-0.0059	+0.0010	-0.0071	    	4.04
12	0.9361 	0.0005 	0.0007	0.0008	+0.0002	+0.0006	+0.0003	+0.0001	-0.0001	+0.0001	+0.0000	    	1.36
13	0.9500 	0.0008 	0.0008	0.0011	+0.0000	-0.0004	-0.0007	+0.0002	+0.0001	-0.0001	+0.0000	    	1.02
14	0.9517 	0.0005 	0.0006	0.0008	+0.0002	+0.0002	+0.0006	+0.0001	+0.0000	+0.0001	-0.0001	    	1.30
15	0.9318 	0.0011 	0.0012	0.0017	-0.0011	+0.0001	-0.0002	+0.0000	-0.0005	+0.0003	+0.0002	    	1.13
16	0.9375 	0.0002 	0.0002	0.0003	-0.0001	+0.0001	+0.0001	+0.0000	-0.0001	-0.0001	+0.0000	    	0.87
17	0.9513 	0.0004 	0.0015	0.0016	+0.0007	-0.0004	+0.0003	+0.0001	+0.0001	+0.0002	+0.0013	    	3.80
18	0.9574 	0.0002 	0.0003	0.0003	-0.0001	-0.0002	-0.0001	+0.0000	-0.0001	+0.0000	-0.0001	    	1.32
19	0.9407 	0.0005 	0.0004	0.0007	-0.0003	-0.0003	+0.0001	+0.0000	+0.0001	-0.0001	+0.0003	    	0.89
20	0.9382 	0.0002 	0.0002	0.0003	+0.0000	+0.0001	-0.0001	+0.0000	+0.0000	+0.0000	-0.0001	    	0.87
21	0.9520 	0.0003 	0.0005	0.0006	-0.0002	-0.0004	+0.0001	+0.0000	+0.0000	+0.0001	-0.0002	    	1.56
22	0.9584 	0.0002 	0.0001	0.0002	+0.0000	+0.0000	+0.0001	+0.0000	+0.0001	+0.0001	+0.0000	    	0.71
23	0.9430 	0.0004 	0.0004	0.0006	+0.0001	+0.0003	+0.0003	+0.0000	-0.0001	+0.0000	+0.0000	    	1.09
24	0.9376 	0.0001 	0.0000	0.0001	+0.0000	+0.0000	+0.0000	+0.0000	+0.0000	+0.0000	+0.0000	    	0.00
25	0.9522 	0.0001 	0.0002	0.0002	-0.0001	+0.0001	+0.0001	+0.0000	+0.0001	+0.0001	+0.0001	    	2.00
26	0.9597 	0.0001 	0.0001	0.0002	+0.0001	+0.0000	+0.0000	+0.0000	+0.0000	-0.0001	+0.0000	    	1.41
27	0.9432 	0.0002 	0.0009	0.0009	+0.0000	+0.0000	+0.0002	+0.0000	+0.0000	+0.0000	-0.0009	    	4.61
28	0.9356 	0.0001 	0.0000	0.0001	+0.0000	+0.0000	+0.0000	+0.0000	+0.0000	+0.0000	+0.0000	    	0.00
29	0.9515 	0.0001 	0.0001	0.0001	-0.0001	+0.0000	+0.0000	+0.0000	+0.0000	+0.0000	+0.0000	    	1.00
30	0.9612 	0.0001 	0.0000	0.0001	+0.0000	+0.0000	+0.0000	+0.0000	+0.0000	+0.0000	+0.0000	    	0.00
31	0.9438 	0.0002 	0.0001	0.0002	+0.0001	+0.0001	+0.0000	+0.0000	+0.0001	+0.0000	+0.0000	    	0.71
32	0.9327 	0.0001 	0.0002	0.0003	+0.0000	-0.0001	+0.0001	+0.0001	+0.0000	+0.0000	-0.0002	    	2.45
33	0.9485 	0.0002 	0.0005	0.0006	+0.0003	+0.0000	+0.0001	+0.0000	-0.0001	-0.0001	+0.0004	    	2.60
34	0.9619 	0.0001 	0.0004	0.0004	+0.0004	+0.0000	+0.0000	+0.0000	+0.0001	+0.0001	+0.0000	    	4.12
35	0.9414 	0.0003 	0.0006	0.0006	+0.0000	+0.0001	+0.0001	+0.0000	+0.0002	+0.0000	+0.0005	    	1.86
36	0.9228 	0.0007 	0.0011	0.0013	+0.0007	-0.0001	+0.0006	+0.0001	+0.0002	+0.0000	+0.0005	    	1.53
37	0.9369 	0.0012 	0.0013	0.0017	-0.0004	+0.0000	+0.0008	+0.0002	+0.0003	+0.0004	+0.0008	    	1.05
38	0.9595 	0.0007 	0.0007	0.0010	+0.0004	+0.0001	+0.0005	+0.0000	+0.0002	+0.0000	+0.0001	    	0.97
39	0.9280 	0.0023 	0.0045	0.0050	-0.0029	+0.0010	+0.0008	+0.0005	+0.0005	-0.0002	+0.0033	    	1.95
Average	error:	0.000530 (stat)	0.000855 (syst)	0.001048 (total)

TnP Configurations 
Event Selection(Data) : ( (probe_isMedium && probe_miniIso_rhoAll < 0.1 && probe_iso03_sumPt/probe_pt < 0.4 && ( (probe_3DIPerrVTX > 0 && probe_3DIPVTX/probe_3DIPerrVTX < 3) || probe_3DIPerrVTX == 0) ) && tag_isTight && tag_HLT_IsoMu24_v==1 && tag_pt > 26 && fabs(tag_eta) < 2.4 && (tag_pfIso04_charged + max(0, tag_pfIso04_neutral+tag_pfIso04_photon-(0.5*tag_pfIso04_sumPU)))/tag_pt < 0.15 && 60 < pair_mass && pair_mass < 140 && pair_dR > 0.3) 
Event Selection(MC) : ( (probe_isMedium && probe_miniIso_rhoAll < 0.1 && probe_iso03_sumPt/probe_pt < 0.4 && ( (probe_3DIPerrVTX > 0 && probe_3DIPVTX/probe_3DIPerrVTX < 3) || probe_3DIPerrVTX == 0) ) && tag_isTight && tag_HLT_IsoMu24_v==1 && tag_pt > 26 && fabs(tag_eta) < 2.4 && (tag_pfIso04_charged + max(0, tag_pfIso04_neutral+tag_pfIso04_photon-(0.5*tag_pfIso04_sumPU)))/tag_pt < 0.15 && 60 < pair_mass && pair_mass < 140 && pair_dR > 0.3)*(genWeight) 
Passing Probe Condtion : (probe_isMedium && probe_miniIso_rhoAll < 0.1 && probe_iso03_sumPt/probe_pt < 0.4 && ( (probe_3DIPerrVTX > 0 && probe_3DIPVTX/probe_3DIPerrVTX < 3) || probe_3DIPerrVTX == 0) ) && probe_hltL3fL1DoubleMu155fFiltered17_dr<0.3 && probe_hltDiMuon178RelTrkIsoFiltered0p4_dr<0.3 
Input file(Data) : ['/gv0/Users/choij/TnPTrees/v220707/muon/Run2018_UL/SingleMuon_2018.root'] 
Input file(MC) : ['/gv0/Users/choij/TnPTrees/v220707/muon/Run2018_UL/DYJetsToLL_M-50_TuneCP5_13TeV-madgraphMLM-pythia8.root'] 
Binnings : [{'var': 'fabs(probe_eta)', 'type': 'float', 'bins': [0.0, 0.9, 1.2, 2.1, 2.4], 'title': '|#eta_{SC}|'}, {'var': 'probe_pt', 'type': 'float', 'bins': [10.0, 14.0, 16.0, 18.0, 20.0, 25.0, 30.0, 40.0, 50.0, 100.0, 200.0], 'title': 'p_{T}'}] 
