ibin	Central	Staterr	Systerr	Totalerr  [MassRange]	[MassBin]	[TagIso]	[AltSig]   Syst/Stat
0	0.9498 	0.0000 	0.0006	0.0006	-0.0001	-0.0003	-0.0005	+0.0000	+0.0001	+0.0000	+0.0000	    
1	0.9500 	0.0000 	0.0004	0.0004	+0.0002	+0.0003	+0.0000	+0.0000	+0.0001	-0.0002	+0.0000	    
2	0.9320 	0.0000 	0.0011	0.0011	+0.0005	+0.0007	+0.0004	+0.0004	+0.0000	-0.0001	+0.0008	    
3	0.9037 	0.0000 	0.0013	0.0013	-0.0009	-0.0002	-0.0001	+0.0008	+0.0006	-0.0001	-0.0001	    
4	0.9529 	0.0000 	0.0004	0.0004	+0.0001	+0.0001	+0.0004	+0.0000	+0.0000	+0.0000	+0.0000	    
5	0.9561 	0.0000 	0.0010	0.0010	+0.0004	+0.0003	+0.0008	+0.0003	+0.0002	+0.0002	+0.0003	    
6	0.9325 	0.0000 	0.0007	0.0007	+0.0000	+0.0004	+0.0000	-0.0002	+0.0005	-0.0002	-0.0002	    
7	0.9111 	0.0000 	0.0010	0.0010	-0.0007	-0.0001	-0.0007	+0.0000	-0.0002	+0.0001	+0.0000	    
8	0.9538 	0.0000 	0.0004	0.0004	+0.0000	-0.0003	+0.0001	+0.0000	+0.0000	+0.0000	-0.0003	    
9	0.9633 	0.0000 	0.0007	0.0007	+0.0001	-0.0002	-0.0003	-0.0004	-0.0003	-0.0003	-0.0004	    
10	0.9363 	0.0000 	0.0004	0.0004	-0.0001	-0.0001	-0.0003	-0.0002	+0.0003	+0.0002	+0.0000	    
11	0.9156 	0.0000 	0.0011	0.0011	+0.0000	+0.0000	+0.0009	+0.0005	+0.0007	+0.0002	+0.0000	    
12	0.9535 	0.0000 	0.0001	0.0001	-0.0001	+0.0000	+0.0000	+0.0001	+0.0000	+0.0000	+0.0000	    
13	0.9659 	0.0000 	0.0001	0.0001	+0.0001	+0.0000	+0.0000	+0.0000	+0.0001	+0.0001	+0.0000	    
14	0.9369 	0.0000 	0.0004	0.0004	-0.0002	+0.0000	+0.0002	-0.0001	+0.0000	-0.0001	-0.0003	    
15	0.9163 	0.0000 	0.0010	0.0010	+0.0004	+0.0005	+0.0005	+0.0005	+0.0005	+0.0000	+0.0004	    
16	0.9531 	0.0000 	0.0001	0.0001	+0.0001	+0.0000	+0.0000	+0.0000	+0.0000	+0.0000	+0.0001	    
17	0.9679 	0.0000 	0.0004	0.0004	+0.0002	+0.0001	+0.0003	+0.0000	+0.0002	+0.0001	+0.0001	    
18	0.9350 	0.0000 	0.0004	0.0004	+0.0000	+0.0000	-0.0003	+0.0000	+0.0000	+0.0002	+0.0000	    
19	0.9181 	0.0000 	0.0008	0.0008	-0.0002	-0.0003	-0.0001	-0.0001	+0.0000	-0.0001	-0.0007	    
20	0.9518 	0.0000 	0.0002	0.0002	-0.0001	+0.0000	-0.0001	+0.0000	+0.0000	+0.0000	-0.0001	    
21	0.9687 	0.0000 	0.0000	0.0000	+0.0000	+0.0000	+0.0000	+0.0000	+0.0000	+0.0000	+0.0000	    
22	0.9402 	0.0000 	0.0000	0.0000	+0.0000	+0.0000	+0.0000	+0.0000	+0.0000	+0.0000	+0.0000	    
23	0.9175 	0.0000 	0.0001	0.0001	+0.0000	+0.0000	+0.0000	+0.0000	+0.0001	-0.0001	+0.0000	    
24	0.9499 	0.0000 	0.0001	0.0001	-0.0001	+0.0000	+0.0000	+0.0000	+0.0000	-0.0001	+0.0000	    
25	0.9684 	0.0000 	0.0001	0.0001	+0.0000	+0.0000	+0.0000	+0.0000	+0.0001	+0.0000	-0.0001	    
26	0.9464 	0.0000 	0.0001	0.0001	+0.0000	+0.0000	+0.0000	+0.0000	+0.0001	+0.0000	+0.0000	    
27	0.9160 	0.0000 	0.0002	0.0002	+0.0001	+0.0001	+0.0001	+0.0000	-0.0001	+0.0000	+0.0000	    
28	0.9437 	0.0000 	0.0003	0.0003	+0.0001	-0.0001	-0.0003	+0.0000	-0.0001	+0.0000	+0.0000	    
29	0.9639 	0.0000 	0.0007	0.0007	+0.0001	+0.0002	+0.0006	+0.0000	-0.0002	-0.0002	+0.0000	    
30	0.9474 	0.0000 	0.0005	0.0005	+0.0000	-0.0001	-0.0002	+0.0000	-0.0001	+0.0000	-0.0004	    
31	0.9110 	0.0000 	0.0011	0.0011	-0.0003	-0.0004	-0.0010	-0.0002	+0.0000	+0.0001	-0.0003	    
Average	error:	0.000000 (stat)	0.000500 (syst)	0.000500 (total)

TnP Configurations 
Event Selection(Data) : ( (probe_isMedium && probe_miniIso_rhoAll < 0.1 && probe_iso03_sumPt/probe_pt < 0.4 && ( (probe_3DIPerrVTX > 0 && probe_3DIPVTX/probe_3DIPerrVTX < 3) || probe_3DIPerrVTX == 0) ) && tag_isTight && tag_HLT_IsoMu27_v==1 && tag_pt > 29 && fabs(tag_eta) < 2.4 && (tag_pfIso04_charged + max(0, tag_pfIso04_neutral+tag_pfIso04_photon-(0.5*tag_pfIso04_sumPU)))/tag_pt < 0.15 && 60 < pair_mass && pair_mass < 140 && pair_dR > 0.3) 
Event Selection(MC) : ( (probe_isMedium && probe_miniIso_rhoAll < 0.1 && probe_iso03_sumPt/probe_pt < 0.4 && ( (probe_3DIPerrVTX > 0 && probe_3DIPVTX/probe_3DIPerrVTX < 3) || probe_3DIPerrVTX == 0) ) && tag_isTight && tag_HLT_IsoMu27_v==1 && tag_pt > 29 && fabs(tag_eta) < 2.4 && (tag_pfIso04_charged + max(0, tag_pfIso04_neutral+tag_pfIso04_photon-(0.5*tag_pfIso04_sumPU)))/tag_pt < 0.15 && 60 < pair_mass && pair_mass < 140 && pair_dR > 0.3)*(genWeight) 
Passing Probe Condtion : (probe_isMedium && probe_miniIso_rhoAll < 0.1 && probe_iso03_sumPt/probe_pt < 0.4 && ( (probe_3DIPerrVTX > 0 && probe_3DIPVTX/probe_3DIPerrVTX < 3) || probe_3DIPerrVTX == 0) ) && probe_hltDiMuon178RelTrkIsoFiltered0p4_dr<0.3 
Input file(Data) : ['/gv0/Users/choij/TnPTrees/v220707/muon/Run2017_UL/SingleMuon_2017.root'] 
Input file(MC) : ['/gv0/Users/choij/TnPTrees/v220707/muon/Run2017_UL/DYJetsToMuMu_M-50_massWgtFix_TuneCP5_13TeV-powhegMiNNLO-pythia8-photos.root'] 
Binnings : [{'var': 'fabs(probe_eta)', 'type': 'float', 'bins': [0.0, 0.9, 1.2, 2.1, 2.4], 'title': '|#eta_{SC}|'}, {'var': 'probe_pt', 'type': 'float', 'bins': [10.0, 15.0, 20.0, 25.0, 30.0, 40.0, 50.0, 100.0, 200.0], 'title': 'p_{T}'}] 
