ibin	Central	Staterr	Systerr	Totalerr  [MassRange]	[MassBin]	[TagIso]	[AltSig]   Syst/Stat
0	0.9431 	0.0012 	0.0007	0.0014	+0.0000	+0.0003	-0.0006	+0.0001	-0.0002	+0.0000	+0.0000	    	0.58
1	0.9789 	0.0010 	0.0002	0.0010	+0.0000	+0.0000	+0.0000	+0.0001	+0.0000	-0.0001	-0.0001	    	0.17
2	0.9593 	0.0008 	0.0005	0.0009	+0.0003	-0.0002	+0.0000	+0.0000	+0.0004	-0.0002	+0.0000	    	0.62
3	0.9511 	0.0016 	0.0005	0.0017	+0.0000	-0.0004	+0.0001	+0.0001	+0.0002	-0.0002	-0.0002	    	0.31
4	0.9441 	0.0007 	0.0005	0.0009	-0.0005	-0.0001	-0.0002	+0.0000	+0.0001	+0.0000	+0.0000	    	0.78
5	0.9811 	0.0007 	0.0005	0.0009	+0.0002	+0.0001	+0.0002	+0.0003	+0.0001	+0.0000	-0.0004	    	0.78
6	0.9634 	0.0006 	0.0004	0.0007	+0.0002	-0.0003	-0.0001	+0.0000	+0.0001	-0.0002	-0.0001	    	0.65
7	0.9550 	0.0012 	0.0005	0.0013	-0.0001	-0.0002	+0.0004	+0.0000	+0.0003	+0.0003	-0.0001	    	0.46
8	0.9458 	0.0004 	0.0002	0.0004	-0.0001	+0.0000	-0.0001	+0.0000	+0.0000	+0.0001	+0.0000	    	0.43
9	0.9817 	0.0004 	0.0011	0.0011	+0.0008	+0.0003	+0.0005	+0.0004	+0.0004	+0.0004	+0.0003	    	2.67
10	0.9644 	0.0004 	0.0003	0.0005	+0.0002	+0.0001	+0.0000	+0.0000	+0.0002	+0.0000	+0.0000	    	0.71
11	0.9597 	0.0008 	0.0005	0.0010	+0.0001	-0.0001	-0.0005	+0.0000	+0.0001	+0.0000	+0.0000	    	0.65
12	0.9461 	0.0003 	0.0002	0.0003	+0.0000	+0.0001	-0.0001	+0.0000	+0.0001	+0.0000	+0.0000	    	0.58
13	0.9824 	0.0003 	0.0003	0.0004	+0.0000	-0.0001	+0.0002	+0.0000	+0.0001	+0.0000	-0.0002	    	1.05
14	0.9657 	0.0003 	0.0004	0.0005	+0.0002	-0.0001	-0.0001	+0.0000	+0.0000	-0.0001	+0.0003	    	1.29
15	0.9608 	0.0006 	0.0004	0.0007	-0.0004	-0.0003	+0.0001	+0.0001	+0.0000	+0.0001	+0.0000	    	0.71
16	0.9462 	0.0001 	0.0006	0.0007	+0.0003	+0.0002	+0.0000	+0.0001	+0.0004	+0.0001	+0.0004	    	6.48
17	0.9811 	0.0002 	0.0002	0.0003	+0.0000	+0.0001	+0.0000	+0.0001	+0.0001	+0.0000	+0.0001	    	1.00
18	0.9665 	0.0001 	0.0001	0.0002	+0.0000	+0.0000	-0.0001	+0.0000	+0.0000	-0.0001	+0.0000	    	1.41
19	0.9610 	0.0003 	0.0005	0.0005	+0.0002	+0.0001	+0.0003	+0.0000	+0.0002	+0.0000	-0.0002	    	1.53
20	0.9453 	0.0001 	0.0000	0.0001	+0.0000	+0.0000	+0.0000	+0.0000	+0.0000	+0.0000	+0.0000	    	0.00
21	0.9809 	0.0001 	0.0001	0.0002	+0.0000	+0.0000	-0.0001	-0.0001	+0.0000	-0.0001	+0.0000	    	1.41
22	0.9669 	0.0001 	0.0000	0.0001	+0.0000	+0.0000	+0.0000	+0.0000	+0.0000	+0.0000	+0.0000	    	0.00
23	0.9610 	0.0003 	0.0001	0.0003	+0.0001	+0.0000	+0.0000	+0.0000	+0.0000	+0.0000	+0.0000	    	0.33
24	0.9431 	0.0002 	0.0001	0.0002	+0.0000	+0.0000	+0.0000	+0.0000	+0.0000	+0.0001	-0.0001	    	0.71
25	0.9806 	0.0002 	0.0000	0.0002	+0.0000	+0.0000	+0.0000	+0.0000	+0.0000	+0.0000	+0.0000	    	0.00
26	0.9670 	0.0002 	0.0000	0.0002	+0.0000	+0.0000	+0.0000	+0.0000	+0.0000	+0.0000	+0.0000	    	0.00
27	0.9605 	0.0005 	0.0001	0.0005	+0.0000	+0.0000	+0.0000	-0.0001	+0.0000	-0.0001	+0.0000	    	0.28
28	0.9352 	0.0013 	0.0012	0.0018	+0.0001	-0.0003	+0.0011	+0.0000	-0.0002	-0.0003	+0.0001	    	0.91
29	0.9787 	0.0013 	0.0005	0.0014	-0.0003	-0.0002	-0.0003	-0.0001	-0.0002	+0.0002	+0.0000	    	0.36
30	0.9666 	0.0012 	0.0012	0.0017	-0.0007	-0.0001	+0.0000	-0.0001	-0.0003	-0.0007	-0.0007	    	1.01
31	0.9579 	0.0037 	0.0032	0.0049	+0.0020	+0.0022	-0.0016	+0.0003	-0.0004	-0.0005	+0.0016	    	0.86
Average	error:	0.000662 (stat)	0.000478 (syst)	0.000847 (total)

TnP Configurations 
Event Selection(Data) : ( (probe_isMedium && probe_miniIso_rhoAll < 0.1 && probe_iso03_sumPt/probe_pt < 0.4 && ( (probe_3DIPerrVTX > 0 && probe_3DIPVTX/probe_3DIPerrVTX < 3) || probe_3DIPerrVTX == 0) ) && tag_isTight && tag_HLT_IsoMu24_v==1 && tag_pt > 26 && fabs(tag_eta) < 2.4 && (tag_pfIso04_charged + max(0, tag_pfIso04_neutral+tag_pfIso04_photon-(0.5*tag_pfIso04_sumPU)))/tag_pt < 0.15 && 60 < pair_mass && pair_mass < 140 && pair_dR > 0.3) 
Event Selection(MC) : ( (probe_isMedium && probe_miniIso_rhoAll < 0.1 && probe_iso03_sumPt/probe_pt < 0.4 && ( (probe_3DIPerrVTX > 0 && probe_3DIPVTX/probe_3DIPerrVTX < 3) || probe_3DIPerrVTX == 0) ) && tag_isTight && tag_HLT_IsoMu24_v==1 && tag_pt > 26 && fabs(tag_eta) < 2.4 && (tag_pfIso04_charged + max(0, tag_pfIso04_neutral+tag_pfIso04_photon-(0.5*tag_pfIso04_sumPU)))/tag_pt < 0.15 && 60 < pair_mass && pair_mass < 140 && pair_dR > 0.3) 
Passing Probe Condtion : (probe_isMedium && probe_miniIso_rhoAll < 0.1 && probe_iso03_sumPt/probe_pt < 0.4 && ( (probe_3DIPerrVTX > 0 && probe_3DIPVTX/probe_3DIPerrVTX < 3) || probe_3DIPerrVTX == 0) ) && (probe_hltDiMuonGlb17Glb8RelTrkIsoFiltered0p4_dr<0.3 || probe_hltDiMuonGlb17Trk8RelTrkIsoFiltered0p4_dr<0.3 || probe_hltDiMuonTrk17Trk8RelTrkIsoFiltered0p4_dr<0.3) 
Input file(Data) : ['/gv0/Users/choij/TnPTrees/v220707/muon/Run2016_UL/SingleMuon_2016b.root'] 
Input file(MC) : ['/gv0/Users/choij/TnPTrees/v220707/muon/Run2016_UL/DYJetsToMuMu_M-50_TuneCP5_13TeV-powhegMiNNLO-pythia8-photos.root'] 
Binnings : [{'var': 'fabs(probe_eta)', 'type': 'float', 'bins': [0.0, 0.9, 1.2, 2.1, 2.4], 'title': '|#eta_{SC}|'}, {'var': 'probe_pt', 'type': 'float', 'bins': [10.0, 15.0, 20.0, 25.0, 30.0, 40.0, 50.0, 100.0, 200.0], 'title': 'p_{T}'}] 
