ibin	Central	Staterr	Systerr	Totalerr  [MassRange]	[MassBin]	[TagIso]	[AltSig]   Syst/Stat
0	0.9630 	0.0006 	0.0002	0.0006	+0.0000	+0.0000	-0.0002	+0.0001	-0.0001	+0.0001	+0.0000	    	0.37
1	0.9883 	0.0005 	0.0003	0.0006	-0.0001	-0.0002	+0.0000	+0.0000	+0.0000	-0.0002	+0.0000	    	0.57
2	0.9645 	0.0005 	0.0004	0.0006	+0.0002	+0.0001	-0.0001	+0.0002	-0.0001	+0.0002	+0.0002	    	0.80
3	0.9567 	0.0010 	0.0006	0.0011	-0.0005	-0.0001	-0.0001	+0.0000	-0.0001	+0.0000	-0.0002	    	0.56
4	0.9653 	0.0003 	0.0005	0.0006	-0.0003	+0.0000	-0.0004	+0.0000	+0.0000	-0.0001	+0.0001	    	1.73
5	0.9900 	0.0003 	0.0002	0.0003	+0.0000	+0.0001	+0.0000	+0.0000	-0.0001	+0.0000	+0.0001	    	0.58
6	0.9665 	0.0003 	0.0001	0.0003	+0.0001	+0.0001	+0.0000	+0.0000	+0.0000	+0.0000	-0.0001	    	0.47
7	0.9619 	0.0007 	0.0006	0.0009	-0.0003	-0.0004	-0.0003	+0.0000	-0.0004	-0.0001	+0.0000	    	0.91
8	0.9655 	0.0002 	0.0002	0.0003	+0.0002	+0.0000	+0.0000	+0.0000	+0.0000	+0.0000	+0.0000	    	1.00
9	0.9909 	0.0002 	0.0001	0.0002	+0.0000	+0.0000	+0.0001	+0.0000	+0.0001	+0.0000	+0.0000	    	0.71
10	0.9679 	0.0002 	0.0004	0.0005	-0.0001	-0.0003	-0.0002	-0.0002	+0.0000	-0.0002	+0.0000	    	2.06
11	0.9637 	0.0005 	0.0004	0.0006	-0.0002	-0.0002	-0.0003	+0.0000	+0.0000	-0.0001	-0.0001	    	0.77
12	0.9667 	0.0002 	0.0004	0.0004	-0.0002	-0.0002	-0.0002	-0.0002	-0.0002	-0.0002	-0.0002	    	2.00
13	0.9911 	0.0001 	0.0002	0.0002	+0.0000	+0.0000	+0.0002	+0.0000	+0.0000	+0.0000	+0.0000	    	2.00
14	0.9680 	0.0002 	0.0002	0.0003	+0.0001	+0.0000	-0.0002	+0.0000	+0.0001	+0.0000	+0.0000	    	1.22
15	0.9659 	0.0004 	0.0002	0.0004	-0.0001	+0.0000	-0.0001	+0.0000	+0.0001	-0.0001	+0.0000	    	0.43
16	0.9659 	0.0001 	0.0002	0.0003	+0.0000	+0.0001	+0.0002	+0.0000	+0.0000	+0.0001	+0.0000	    	2.45
17	0.9910 	0.0000 	0.0000	0.0000	+0.0000	+0.0000	+0.0000	+0.0000	+0.0000	+0.0000	+0.0000	    
18	0.9690 	0.0001 	0.0001	0.0002	+0.0000	+0.0000	+0.0000	-0.0001	+0.0001	+0.0000	+0.0000	    	1.41
19	0.9660 	0.0002 	0.0005	0.0005	-0.0001	-0.0002	+0.0000	+0.0000	+0.0001	+0.0000	-0.0004	    	2.29
20	0.9648 	0.0001 	0.0001	0.0001	+0.0001	+0.0000	+0.0000	+0.0000	+0.0000	+0.0000	+0.0000	    	1.00
21	0.9910 	0.0001 	0.0000	0.0001	+0.0000	+0.0000	+0.0000	+0.0000	+0.0000	+0.0000	+0.0000	    	0.00
22	0.9695 	0.0001 	0.0000	0.0001	+0.0000	+0.0000	+0.0000	+0.0000	+0.0000	+0.0000	+0.0000	    	0.00
23	0.9662 	0.0002 	0.0001	0.0002	+0.0001	+0.0000	+0.0000	+0.0000	+0.0001	+0.0000	+0.0000	    	0.71
24	0.9637 	0.0001 	0.0000	0.0001	+0.0000	+0.0000	+0.0000	+0.0000	+0.0000	+0.0000	+0.0000	    	0.00
25	0.9909 	0.0001 	0.0002	0.0002	+0.0001	+0.0001	+0.0001	+0.0001	+0.0000	+0.0001	+0.0000	    	1.73
26	0.9701 	0.0001 	0.0001	0.0002	+0.0001	+0.0001	+0.0001	+0.0000	+0.0000	+0.0000	+0.0000	    	1.41
27	0.9657 	0.0003 	0.0002	0.0004	-0.0002	+0.0000	+0.0000	-0.0001	+0.0000	-0.0001	+0.0000	    	0.82
28	0.9600 	0.0006 	0.0008	0.0010	+0.0000	+0.0001	+0.0008	+0.0000	-0.0001	-0.0002	+0.0000	    	1.38
29	0.9893 	0.0006 	0.0002	0.0006	+0.0000	-0.0001	-0.0001	+0.0000	-0.0001	-0.0002	+0.0000	    	0.41
30	0.9711 	0.0007 	0.0002	0.0007	+0.0000	+0.0001	-0.0001	+0.0001	+0.0001	+0.0001	+0.0000	    	0.25
31	0.9664 	0.0020 	0.0021	0.0029	-0.0003	+0.0006	-0.0010	+0.0002	+0.0006	+0.0004	+0.0017	    	1.07
Average	error:	0.000362 (stat)	0.000317 (syst)	0.000499 (total)

TnP Configurations 
Event Selection(Data) : ( (probe_isMedium && probe_miniIso_rhoAll < 0.1 && probe_iso03_sumPt/probe_pt < 0.4 && ( (probe_3DIPerrVTX > 0 && probe_3DIPVTX/probe_3DIPerrVTX < 3) || probe_3DIPerrVTX == 0) ) && tag_isTight && tag_HLT_IsoMu24_v==1 && tag_pt > 26 && fabs(tag_eta) < 2.4 && (tag_pfIso04_charged + max(0, tag_pfIso04_neutral+tag_pfIso04_photon-(0.5*tag_pfIso04_sumPU)))/tag_pt < 0.15 && 60 < pair_mass && pair_mass < 140 && pair_dR > 0.3) 
Event Selection(MC) : ( (probe_isMedium && probe_miniIso_rhoAll < 0.1 && probe_iso03_sumPt/probe_pt < 0.4 && ( (probe_3DIPerrVTX > 0 && probe_3DIPVTX/probe_3DIPerrVTX < 3) || probe_3DIPerrVTX == 0) ) && tag_isTight && tag_HLT_IsoMu24_v==1 && tag_pt > 26 && fabs(tag_eta) < 2.4 && (tag_pfIso04_charged + max(0, tag_pfIso04_neutral+tag_pfIso04_photon-(0.5*tag_pfIso04_sumPU)))/tag_pt < 0.15 && 60 < pair_mass && pair_mass < 140 && pair_dR > 0.3) 
Passing Probe Condtion : (probe_isMedium && probe_miniIso_rhoAll < 0.1 && probe_iso03_sumPt/probe_pt < 0.4 && ( (probe_3DIPerrVTX > 0 && probe_3DIPVTX/probe_3DIPerrVTX < 3) || probe_3DIPerrVTX == 0) ) && (probe_hltDiMuonGlb17Glb8RelTrkIsoFiltered0p4_dr<0.3 || probe_hltDiMuonGlb17Trk8RelTrkIsoFiltered0p4_dr<0.3 || probe_hltDiMuonTrk17Trk8RelTrkIsoFiltered0p4_dr<0.3) 
Input file(Data) : ['/gv0/Users/choij/TnPTrees/v220707/muon/Run2016_UL/SingleMuon_2016b.root'] 
Input file(MC) : ['/gv0/Users/choij/TnPTrees/v220707/muon/Run2016_UL/DYJetsToMuMu_M-50_TuneCP5_13TeV-powhegMiNNLO-pythia8-photos.root'] 
Binnings : [{'var': 'fabs(probe_eta)', 'type': 'float', 'bins': [0.0, 0.9, 1.2, 2.1, 2.4], 'title': '|#eta_{SC}|'}, {'var': 'probe_pt', 'type': 'float', 'bins': [10.0, 15.0, 20.0, 25.0, 30.0, 40.0, 50.0, 100.0, 200.0], 'title': 'p_{T}'}] 
