ibin	Central	Staterr	Systerr	Totalerr  [MassRange]	[MassBin]	[TagIso]	[AltSig]   Syst/Stat
0	0.0000 	0.0000 	0.0000	0.0000	+0.0000	+0.0000	+0.0000	+0.0000	+0.0000	+0.0000	+0.0000	    
1	0.0000 	0.0000 	0.0000	0.0000	+0.0000	+0.0000	+0.0000	+0.0000	+0.0000	+0.0000	+0.0000	    
2	0.0000 	0.0000 	0.0000	0.0000	+0.0000	+0.0000	+0.0000	+0.0000	+0.0000	+0.0000	+0.0000	    
3	0.0001 	0.0000 	0.0001	0.0001	-0.0001	+0.0000	+0.0000	-0.0001	+0.0000	+0.0000	+0.0000	    
4	0.0001 	0.0001 	0.0000	0.0001	+0.0000	+0.0000	+0.0000	+0.0000	+0.0000	+0.0000	+0.0000	    	0.00
5	0.0003 	0.0002 	0.0002	0.0003	+0.0001	+0.0001	+0.0000	+0.0001	+0.0001	+0.0000	+0.0000	    	0.87
6	0.0015 	0.0003 	0.0005	0.0006	-0.0001	+0.0002	-0.0001	+0.0001	-0.0001	+0.0001	+0.0004	    	1.56
7	0.0010 	0.0004 	0.0005	0.0006	-0.0001	+0.0002	+0.0001	+0.0000	+0.0001	+0.0000	+0.0004	    	1.17
8	0.5168 	0.0024 	0.0014	0.0028	+0.0002	-0.0008	+0.0008	+0.0001	-0.0006	+0.0001	-0.0006	    	0.59
9	0.5296 	0.0041 	0.0057	0.0070	-0.0014	-0.0018	-0.0008	+0.0003	-0.0001	+0.0000	-0.0053	    	1.38
10	0.5114 	0.0025 	0.0022	0.0033	-0.0011	+0.0000	+0.0000	+0.0002	+0.0007	-0.0002	+0.0017	    	0.86
11	0.4939 	0.0045 	0.0041	0.0061	+0.0021	+0.0018	-0.0034	+0.0003	+0.0004	+0.0002	-0.0009	    	0.91
12	0.9577 	0.0008 	0.0011	0.0013	-0.0005	-0.0003	-0.0004	-0.0006	-0.0004	-0.0001	-0.0006	    	1.33
13	0.9816 	0.0010 	0.0008	0.0013	+0.0002	-0.0005	-0.0005	+0.0001	+0.0001	+0.0001	-0.0004	    	0.82
14	0.9661 	0.0008 	0.0004	0.0009	+0.0002	+0.0000	+0.0003	+0.0001	-0.0001	+0.0000	+0.0001	    	0.48
15	0.9247 	0.0021 	0.0009	0.0023	+0.0002	+0.0008	-0.0002	-0.0001	+0.0001	+0.0003	-0.0001	    	0.42
16	0.9581 	0.0004 	0.0001	0.0004	+0.0000	+0.0001	+0.0001	+0.0000	+0.0000	+0.0000	+0.0000	    	0.35
17	0.9810 	0.0005 	0.0002	0.0006	+0.0000	-0.0002	+0.0001	+0.0000	-0.0001	+0.0000	+0.0000	    	0.49
18	0.9682 	0.0004 	0.0002	0.0005	+0.0001	-0.0001	+0.0000	+0.0000	+0.0001	+0.0000	-0.0002	    	0.61
19	0.9335 	0.0010 	0.0005	0.0011	+0.0002	-0.0001	+0.0002	+0.0000	+0.0003	+0.0000	+0.0002	    	0.46
20	0.9579 	0.0003 	0.0000	0.0003	+0.0000	+0.0000	+0.0000	+0.0000	+0.0000	+0.0000	+0.0000	    	0.00
21	0.9820 	0.0003 	0.0002	0.0004	+0.0001	-0.0001	+0.0001	+0.0000	+0.0001	+0.0000	+0.0001	    	0.67
22	0.9690 	0.0003 	0.0002	0.0004	+0.0002	+0.0000	+0.0000	+0.0000	+0.0000	+0.0000	+0.0001	    	0.75
23	0.9348 	0.0007 	0.0005	0.0009	-0.0001	+0.0001	+0.0004	+0.0001	+0.0003	-0.0002	-0.0001	    	0.74
24	0.9579 	0.0001 	0.0001	0.0001	+0.0000	+0.0000	+0.0000	+0.0000	+0.0000	+0.0000	-0.0001	    	1.00
25	0.9815 	0.0002 	0.0001	0.0002	+0.0000	+0.0000	+0.0000	+0.0000	+0.0000	+0.0000	+0.0001	    	0.50
26	0.9699 	0.0001 	0.0000	0.0001	+0.0000	+0.0000	+0.0000	+0.0000	+0.0000	+0.0000	+0.0000	    	0.00
27	0.9354 	0.0004 	0.0012	0.0013	+0.0001	-0.0001	+0.0002	+0.0000	+0.0000	-0.0002	+0.0012	    	3.09
28	0.9567 	0.0001 	0.0000	0.0001	+0.0000	+0.0000	+0.0000	+0.0000	+0.0000	+0.0000	+0.0000	    	0.00
29	0.9814 	0.0001 	0.0000	0.0001	+0.0000	+0.0000	+0.0000	+0.0000	+0.0000	+0.0000	+0.0000	    	0.00
30	0.9707 	0.0001 	0.0000	0.0001	+0.0000	+0.0000	+0.0000	+0.0000	+0.0000	+0.0000	+0.0000	    	0.00
31	0.9350 	0.0003 	0.0001	0.0003	+0.0000	+0.0000	+0.0000	+0.0000	+0.0001	+0.0000	+0.0000	    	0.33
32	0.9546 	0.0002 	0.0003	0.0004	+0.0000	+0.0000	+0.0001	+0.0000	+0.0000	+0.0000	-0.0003	    	1.58
33	0.9803 	0.0003 	0.0001	0.0003	+0.0000	+0.0000	+0.0001	+0.0000	-0.0001	+0.0000	+0.0000	    	0.47
34	0.9709 	0.0002 	0.0001	0.0002	-0.0001	-0.0001	-0.0001	+0.0000	+0.0000	+0.0000	+0.0000	    	0.71
35	0.9343 	0.0007 	0.0001	0.0007	+0.0001	+0.0000	+0.0000	+0.0000	-0.0001	+0.0001	+0.0000	    	0.20
36	0.9491 	0.0013 	0.0010	0.0016	+0.0000	+0.0000	+0.0007	+0.0000	-0.0002	-0.0005	-0.0005	    	0.77
37	0.9759 	0.0015 	0.0010	0.0018	-0.0007	-0.0001	+0.0004	+0.0001	-0.0004	+0.0001	-0.0005	    	0.69
38	0.9725 	0.0011 	0.0003	0.0011	-0.0002	+0.0001	+0.0001	+0.0000	+0.0001	-0.0002	-0.0001	    	0.29
39	0.9299 	0.0045 	0.0040	0.0060	-0.0030	+0.0007	+0.0012	+0.0004	+0.0000	+0.0005	+0.0023	    	0.89
Average	error:	0.000858 (stat)	0.000710 (syst)	0.001144 (total)

TnP Configurations 
Event Selection(Data) : ( (probe_isMedium && probe_miniIso_rhoAll < 0.1 && probe_iso03_sumPt/probe_pt < 0.4 && ( (probe_3DIPerrVTX > 0 && probe_3DIPVTX/probe_3DIPerrVTX < 3) || probe_3DIPerrVTX == 0) ) && tag_isTight && tag_HLT_IsoMu24_v==1 && tag_pt > 26 && fabs(tag_eta) < 2.4 && (tag_pfIso04_charged + max(0, tag_pfIso04_neutral+tag_pfIso04_photon-(0.5*tag_pfIso04_sumPU)))/tag_pt < 0.15 && 60 < pair_mass && pair_mass < 140 && pair_dR > 0.3) 
Event Selection(MC) : ( (probe_isMedium && probe_miniIso_rhoAll < 0.1 && probe_iso03_sumPt/probe_pt < 0.4 && ( (probe_3DIPerrVTX > 0 && probe_3DIPVTX/probe_3DIPerrVTX < 3) || probe_3DIPerrVTX == 0) ) && tag_isTight && tag_HLT_IsoMu24_v==1 && tag_pt > 26 && fabs(tag_eta) < 2.4 && (tag_pfIso04_charged + max(0, tag_pfIso04_neutral+tag_pfIso04_photon-(0.5*tag_pfIso04_sumPU)))/tag_pt < 0.15 && 60 < pair_mass && pair_mass < 140 && pair_dR > 0.3)*(genWeight) 
Passing Probe Condtion : (probe_isMedium && probe_miniIso_rhoAll < 0.1 && probe_iso03_sumPt/probe_pt < 0.4 && ( (probe_3DIPerrVTX > 0 && probe_3DIPVTX/probe_3DIPerrVTX < 3) || probe_3DIPerrVTX == 0) ) && probe_hltL3fL1DoubleMu155fFiltered17_dr<0.3 && probe_hltDiMuon178RelTrkIsoFiltered0p4_dr<0.3 
Input file(Data) : ['/gv0/Users/choij/TnPTrees/v220707/muon/Run2018_UL/SingleMuon_2018.root'] 
Input file(MC) : ['/gv0/Users/choij/TnPTrees/v220707/muon/Run2018_UL/DYJetsToLL_M-50_TuneCP5_13TeV-madgraphMLM-pythia8.root'] 
Binnings : [{'var': 'fabs(probe_eta)', 'type': 'float', 'bins': [0.0, 0.9, 1.2, 2.1, 2.4], 'title': '|#eta_{SC}|'}, {'var': 'probe_pt', 'type': 'float', 'bins': [10.0, 14.0, 16.0, 18.0, 20.0, 25.0, 30.0, 40.0, 50.0, 100.0, 200.0], 'title': 'p_{T}'}] 
