ibin	Central	Staterr	Systerr	Totalerr  [MassRange]	[MassBin]	[TagIso]	[AltSig]   Syst/Stat
0	0.0002 	0.0001 	0.0001	0.0002	+0.0000	+0.0000	-0.0001	+0.0000	+0.0000	-0.0001	+0.0000	    	1.41
1	0.0014 	0.0003 	0.0001	0.0003	+0.0000	+0.0001	+0.0000	+0.0000	+0.0000	+0.0000	+0.0000	    	0.33
2	0.0007 	0.0001 	0.0001	0.0001	+0.0000	+0.0000	-0.0001	+0.0000	+0.0000	+0.0000	+0.0000	    	1.00
3	0.0020 	0.0004 	0.0002	0.0004	+0.0000	+0.0001	-0.0001	+0.0001	+0.0000	+0.0001	+0.0000	    	0.43
4	0.0005 	0.0001 	0.0002	0.0002	+0.0001	+0.0001	+0.0000	+0.0000	+0.0001	+0.0000	+0.0001	    	1.73
5	0.0047 	0.0006 	0.0003	0.0007	-0.0001	+0.0001	-0.0001	+0.0000	-0.0002	+0.0000	+0.0002	    	0.53
6	0.0069 	0.0005 	0.0004	0.0006	-0.0002	+0.0001	-0.0002	+0.0000	-0.0001	+0.0000	+0.0002	    	0.72
7	0.0216 	0.0014 	0.0006	0.0015	-0.0002	-0.0005	+0.0000	+0.0000	+0.0004	+0.0003	-0.0001	    	0.46
8	0.4828 	0.0023 	0.0044	0.0049	+0.0005	-0.0006	+0.0000	+0.0043	+0.0003	+0.0002	-0.0002	    	1.89
9	0.4832 	0.0040 	0.0019	0.0044	-0.0013	-0.0010	+0.0010	+0.0001	+0.0002	-0.0007	+0.0007	    	0.48
10	0.4549 	0.0022 	0.0072	0.0075	+0.0037	+0.0032	+0.0039	+0.0035	+0.0003	+0.0034	+0.0033	    	3.26
11	0.3585 	0.0044 	0.0033	0.0055	+0.0027	+0.0011	+0.0009	-0.0003	+0.0017	+0.0013	+0.0002	    	0.75
12	0.9037 	0.0012 	0.0014	0.0018	+0.0004	+0.0001	+0.0013	+0.0000	-0.0001	+0.0000	-0.0003	    	1.16
13	0.9203 	0.0018 	0.0018	0.0026	+0.0005	+0.0000	+0.0012	+0.0000	+0.0007	+0.0005	+0.0011	    	1.02
14	0.9044 	0.0012 	0.0010	0.0016	+0.0007	-0.0002	+0.0003	+0.0000	+0.0005	-0.0001	+0.0004	    	0.83
15	0.7551 	0.0036 	0.0039	0.0053	+0.0011	+0.0005	+0.0019	+0.0002	+0.0015	+0.0003	-0.0028	    	1.07
16	0.9067 	0.0005 	0.0010	0.0011	+0.0000	-0.0010	+0.0001	+0.0000	-0.0002	+0.0000	+0.0000	    	2.05
17	0.9335 	0.0008 	0.0014	0.0016	+0.0004	-0.0002	+0.0013	+0.0003	+0.0000	+0.0000	-0.0001	    	1.70
18	0.9232 	0.0006 	0.0011	0.0012	+0.0004	+0.0000	-0.0006	+0.0000	-0.0003	-0.0006	-0.0005	    	1.77
19	0.8077 	0.0016 	0.0025	0.0030	+0.0017	+0.0000	+0.0018	-0.0002	-0.0001	-0.0003	-0.0004	    	1.58
20	0.9073 	0.0004 	0.0005	0.0006	+0.0003	-0.0001	+0.0004	+0.0000	+0.0001	+0.0000	+0.0000	    	1.27
21	0.9373 	0.0006 	0.0014	0.0015	-0.0006	-0.0004	-0.0009	+0.0001	+0.0001	+0.0001	-0.0009	    	2.35
22	0.9309 	0.0004 	0.0009	0.0010	-0.0002	+0.0000	+0.0003	+0.0000	+0.0000	+0.0000	-0.0008	    	2.19
23	0.8409 	0.0011 	0.0007	0.0013	-0.0001	-0.0004	+0.0003	+0.0000	-0.0002	+0.0002	+0.0004	    	0.61
24	0.9060 	0.0002 	0.0004	0.0005	+0.0000	+0.0001	+0.0001	+0.0000	-0.0002	-0.0004	+0.0000	    	2.12
25	0.9361 	0.0003 	0.0006	0.0006	+0.0004	+0.0004	+0.0000	+0.0000	+0.0000	+0.0000	+0.0004	    	1.89
26	0.9326 	0.0002 	0.0006	0.0006	+0.0004	+0.0003	+0.0001	+0.0001	+0.0002	+0.0003	+0.0003	    	2.96
27	0.8662 	0.0005 	0.0030	0.0030	-0.0003	-0.0013	-0.0002	-0.0022	+0.0001	-0.0008	-0.0013	    	5.95
28	0.9068 	0.0002 	0.0001	0.0002	+0.0000	+0.0000	+0.0000	+0.0000	+0.0000	-0.0001	+0.0000	    	0.50
29	0.9364 	0.0002 	0.0002	0.0003	-0.0002	-0.0001	+0.0001	+0.0000	+0.0000	+0.0000	+0.0000	    	1.12
30	0.9331 	0.0002 	0.0001	0.0002	+0.0000	+0.0000	+0.0000	+0.0000	+0.0001	-0.0001	+0.0000	    	0.50
31	0.8797 	0.0005 	0.0003	0.0006	+0.0002	+0.0000	+0.0002	+0.0000	+0.0000	-0.0001	+0.0001	    	0.63
32	0.9057 	0.0003 	0.0003	0.0004	-0.0001	+0.0001	+0.0003	+0.0000	+0.0001	-0.0001	+0.0000	    	1.11
33	0.9367 	0.0004 	0.0001	0.0004	+0.0000	+0.0000	+0.0001	+0.0000	+0.0000	+0.0000	+0.0000	    	0.25
34	0.9251 	0.0003 	0.0003	0.0004	-0.0001	+0.0000	+0.0000	-0.0001	-0.0002	-0.0002	+0.0001	    	0.88
35	0.8857 	0.0009 	0.0006	0.0011	+0.0006	+0.0001	+0.0001	+0.0000	-0.0001	-0.0001	+0.0002	    	0.72
36	0.8958 	0.0015 	0.0005	0.0016	+0.0002	+0.0002	+0.0003	+0.0000	-0.0001	+0.0000	-0.0003	    	0.32
37	0.9307 	0.0024 	0.0011	0.0026	+0.0004	+0.0002	+0.0010	+0.0002	-0.0002	+0.0002	+0.0001	    	0.46
38	0.8549 	0.0023 	0.0026	0.0035	-0.0003	-0.0003	+0.0017	+0.0001	-0.0006	+0.0000	-0.0019	    	1.15
39	0.8715 	0.0065 	0.0026	0.0070	+0.0005	-0.0019	-0.0016	-0.0002	-0.0008	+0.0002	+0.0003	    	0.40
Average	error:	0.001177 (stat)	0.001245 (syst)	0.001807 (total)

TnP Configurations 
Event Selection(Data) : ( (probe_isMedium && probe_miniIso_rhoAll < 0.1 && probe_iso03_sumPt/probe_pt < 0.4 && ( (probe_3DIPerrVTX > 0 && probe_3DIPVTX/probe_3DIPerrVTX < 3) || probe_3DIPerrVTX == 0) ) && tag_isTight && tag_HLT_IsoMu24_v==1 && tag_pt > 26 && fabs(tag_eta) < 2.4 && (tag_pfIso04_charged + max(0, tag_pfIso04_neutral+tag_pfIso04_photon-(0.5*tag_pfIso04_sumPU)))/tag_pt < 0.15 && 60 < pair_mass && pair_mass < 140 && pair_dR > 0.3) 
Event Selection(MC) : ( (probe_isMedium && probe_miniIso_rhoAll < 0.1 && probe_iso03_sumPt/probe_pt < 0.4 && ( (probe_3DIPerrVTX > 0 && probe_3DIPVTX/probe_3DIPerrVTX < 3) || probe_3DIPerrVTX == 0) ) && tag_isTight && tag_HLT_IsoMu24_v==1 && tag_pt > 26 && fabs(tag_eta) < 2.4 && (tag_pfIso04_charged + max(0, tag_pfIso04_neutral+tag_pfIso04_photon-(0.5*tag_pfIso04_sumPU)))/tag_pt < 0.15 && 60 < pair_mass && pair_mass < 140 && pair_dR > 0.3) 
Passing Probe Condtion : (probe_isMedium && probe_miniIso_rhoAll < 0.1 && probe_iso03_sumPt/probe_pt < 0.4 && ( (probe_3DIPerrVTX > 0 && probe_3DIPVTX/probe_3DIPerrVTX < 3) || probe_3DIPerrVTX == 0) ) && ( (probe_hltL3fL1sDoubleMu114L1f0L2f10OneMuL3Filtered17_dr<0.3 && probe_hltDiMuonGlb17Glb8RelTrkIsoFiltered0p4_dr<0.3) || (probe_hltL3fL1sDoubleMu114L1f0L2f10L3Filtered17_dr<0.3 && probe_hltDiMuonGlb17Trk8RelTrkIsoFiltered0p4_dr<0.3) || (probe_hltL3fL1sDoubleMu114TkFiltered17Q_dr<0.3 && probe_hltDiMuonTrk17Trk8RelTrkIsoFiltered0p4_dr<0.3) ) 
Input file(Data) : ['/gv0/Users/choij/TnPTrees/v220707/muon/Run2016_UL_HIPM/SingleMuon_2016a.root'] 
Input file(MC) : ['/gv0/Users/choij/TnPTrees/v220707/muon/Run2016_UL_HIPM/DYJetsToMuMu_M-50_TuneCP5_13TeV-powhegMiNNLO-pythia8-photos.root'] 
Binnings : [{'var': 'fabs(probe_eta)', 'type': 'float', 'bins': [0.0, 0.9, 1.2, 2.1, 2.4], 'title': '|#eta_{SC}|'}, {'var': 'probe_pt', 'type': 'float', 'bins': [10.0, 14.0, 16.0, 18.0, 20.0, 25.0, 30.0, 40.0, 50.0, 100.0, 200.0], 'title': 'p_{T}'}] 
