==== Data Efficiency Comparison ====
==== Binning Info ====
x-axis: [0.0, 0.9, 1.2, 2.1, 2.4]
y-axis: [15.0, 20.0, 25.0, 30.0, 40.0, 50.0, 60.0, 120.0]
eff_private	eff_official	diff
[0.0, 15.0] 0.7477, 0.7335, 0.0194
[0.0, 20.0] 0.8040, 0.7929, 0.0140
[0.0, 25.0] 0.8580, 0.8510, 0.0082
[0.0, 30.0] 0.9248, 0.9241, 0.0007
[0.0, 40.0] 0.9662, 0.9671, -0.0010
[0.0, 50.0] 0.9780, 0.9779, 0.0001
[0.0, 60.0] 0.9855, 0.9854, 0.0001
[0.9, 15.0] 0.7434, 0.7393, 0.0056
[0.9, 20.0] 0.7969, 0.7917, 0.0066
[0.9, 25.0] 0.8451, 0.8476, -0.0030
[0.9, 30.0] 0.9155, 0.9175, -0.0021
[0.9, 40.0] 0.9622, 0.9633, -0.0011
[0.9, 50.0] 0.9757, 0.9759, -0.0002
[0.9, 60.0] 0.9846, 0.9846, -0.0000
[1.2, 15.0] 0.8121, 0.8060, 0.0076
[1.2, 20.0] 0.8575, 0.8558, 0.0020
[1.2, 25.0] 0.8973, 0.9004, -0.0034
[1.2, 30.0] 0.9432, 0.9465, -0.0035
[1.2, 40.0] 0.9766, 0.9777, -0.0011
[1.2, 50.0] 0.9851, 0.9853, -0.0002
[1.2, 60.0] 0.9891, 0.9892, -0.0001
[2.1, 15.0] 0.8344, 0.8360, -0.0019
[2.1, 20.0] 0.8847, 0.8863, -0.0018
[2.1, 25.0] 0.9202, 0.9250, -0.0052
[2.1, 30.0] 0.9575, 0.9601, -0.0027
[2.1, 40.0] 0.9814, 0.9830, -0.0016
[2.1, 50.0] 0.9888, 0.9888, 0.0000
[2.1, 60.0] 0.9927, 0.9919, 0.0008

==== MC Efficiency Comparison ====
==== Binning Info ====
x-axis: [0.0, 0.9, 1.2, 2.1, 2.4]
y-axis: [15.0, 20.0, 25.0, 30.0, 40.0, 50.0, 60.0, 120.0]
eff_private	eff_official	diff
[0.0, 15.0] 0.7523, 0.7442, 0.0108
[0.0, 20.0] 0.8085, 0.7997, 0.0110
[0.0, 25.0] 0.8647, 0.8603, 0.0052
[0.0, 30.0] 0.9301, 0.9294, 0.0007
[0.0, 40.0] 0.9703, 0.9710, -0.0007
[0.0, 50.0] 0.9800, 0.9812, -0.0013
[0.0, 60.0] 0.9862, 0.9871, -0.0009
[0.9, 15.0] 0.7630, 0.7618, 0.0016
[0.9, 20.0] 0.8147, 0.8082, 0.0080
[0.9, 25.0] 0.8594, 0.8596, -0.0002
[0.9, 30.0] 0.9274, 0.9283, -0.0010
[0.9, 40.0] 0.9701, 0.9710, -0.0009
[0.9, 50.0] 0.9806, 0.9813, -0.0007
[0.9, 60.0] 0.9869, 0.9881, -0.0012
[1.2, 15.0] 0.8057, 0.8033, 0.0030
[1.2, 20.0] 0.8552, 0.8545, 0.0008
[1.2, 25.0] 0.8949, 0.9007, -0.0064
[1.2, 30.0] 0.9437, 0.9470, -0.0035
[1.2, 40.0] 0.9777, 0.9789, -0.0012
[1.2, 50.0] 0.9853, 0.9861, -0.0008
[1.2, 60.0] 0.9894, 0.9897, -0.0003
[2.1, 15.0] 0.8133, 0.8154, -0.0025
[2.1, 20.0] 0.8660, 0.8690, -0.0035
[2.1, 25.0] 0.9084, 0.9136, -0.0057
[2.1, 30.0] 0.9503, 0.9525, -0.0023
[2.1, 40.0] 0.9777, 0.9793, -0.0017
[2.1, 50.0] 0.9859, 0.9860, -0.0001
[2.1, 60.0] 0.9904, 0.9890, 0.0015
