==== Data Efficiency Comparison ====
==== Binning Info ====
x-axis: [0.0, 0.9, 1.2, 2.1, 2.4]
y-axis: [15.0, 20.0, 25.0, 30.0, 40.0, 50.0, 60.0, 120.0]
eff_private	eff_official	diff
[0.0, 15.0] 0.7588, 0.7415, 0.0234
[0.0, 20.0] 0.8136, 0.8015, 0.0151
[0.0, 25.0] 0.8673, 0.8590, 0.0096
[0.0, 30.0] 0.9314, 0.9301, 0.0014
[0.0, 40.0] 0.9705, 0.9712, -0.0007
[0.0, 50.0] 0.9799, 0.9801, -0.0002
[0.0, 60.0] 0.9853, 0.9862, -0.0009
[0.9, 15.0] 0.7765, 0.7678, 0.0113
[0.9, 20.0] 0.8276, 0.8183, 0.0114
[0.9, 25.0] 0.8735, 0.8707, 0.0032
[0.9, 30.0] 0.9348, 0.9346, 0.0002
[0.9, 40.0] 0.9733, 0.9739, -0.0006
[0.9, 50.0] 0.9831, 0.9837, -0.0006
[0.9, 60.0] 0.9875, 0.9885, -0.0010
[1.2, 15.0] 0.8218, 0.8093, 0.0154
[1.2, 20.0] 0.8677, 0.8623, 0.0063
[1.2, 25.0] 0.9062, 0.9042, 0.0022
[1.2, 30.0] 0.9499, 0.9505, -0.0006
[1.2, 40.0] 0.9803, 0.9816, -0.0013
[1.2, 50.0] 0.9870, 0.9873, -0.0003
[1.2, 60.0] 0.9907, 0.9905, 0.0002
[2.1, 15.0] 0.8066, 0.7998, 0.0085
[2.1, 20.0] 0.8624, 0.8566, 0.0068
[2.1, 25.0] 0.9050, 0.9035, 0.0016
[2.1, 30.0] 0.9514, 0.9517, -0.0003
[2.1, 40.0] 0.9783, 0.9802, -0.0020
[2.1, 50.0] 0.9862, 0.9885, -0.0023
[2.1, 60.0] 0.9912, 0.9927, -0.0015

==== MC Efficiency Comparison ====
==== Binning Info ====
x-axis: [0.0, 0.9, 1.2, 2.1, 2.4]
y-axis: [15.0, 20.0, 25.0, 30.0, 40.0, 50.0, 60.0, 120.0]
eff_private	eff_official	diff
[0.0, 15.0] 0.7542, 0.7492, 0.0066
[0.0, 20.0] 0.8108, 0.8057, 0.0063
[0.0, 25.0] 0.8669, 0.8664, 0.0006
[0.0, 30.0] 0.9328, 0.9342, -0.0015
[0.0, 40.0] 0.9725, 0.9741, -0.0017
[0.0, 50.0] 0.9807, 0.9829, -0.0022
[0.0, 60.0] 0.9864, 0.9871, -0.0007
[0.9, 15.0] 0.7647, 0.7663, -0.0021
[0.9, 20.0] 0.8195, 0.8180, 0.0018
[0.9, 25.0] 0.8659, 0.8678, -0.0021
[0.9, 30.0] 0.9318, 0.9341, -0.0024
[0.9, 40.0] 0.9734, 0.9759, -0.0025
[0.9, 50.0] 0.9821, 0.9841, -0.0020
[0.9, 60.0] 0.9877, 0.9884, -0.0007
[1.2, 15.0] 0.8043, 0.8067, -0.0029
[1.2, 20.0] 0.8555, 0.8562, -0.0008
[1.2, 25.0] 0.8967, 0.8996, -0.0032
[1.2, 30.0] 0.9453, 0.9490, -0.0039
[1.2, 40.0] 0.9793, 0.9817, -0.0025
[1.2, 50.0] 0.9863, 0.9884, -0.0021
[1.2, 60.0] 0.9902, 0.9906, -0.0004
[2.1, 15.0] 0.7770, 0.7890, -0.0152
[2.1, 20.0] 0.8411, 0.8475, -0.0075
[2.1, 25.0] 0.8925, 0.8997, -0.0080
[2.1, 30.0] 0.9406, 0.9487, -0.0085
[2.1, 40.0] 0.9741, 0.9792, -0.0052
[2.1, 50.0] 0.9844, 0.9874, -0.0030
[2.1, 60.0] 0.9921, 0.9919, 0.0002
