ibin	Central	Staterr	Systerr	Totalerr  [MassRange]	[MassBin]	[TagIso]	[AltSig]   Syst/Stat
0	0.0001 	0.0000 	0.0000	0.0000	+0.0000	+0.0000	+0.0000	+0.0000	+0.0000	+0.0000	+0.0000	    
1	0.0006 	0.0001 	0.0000	0.0001	+0.0000	+0.0000	+0.0000	+0.0000	+0.0000	+0.0000	+0.0000	    	0.00
2	0.0003 	0.0001 	0.0001	0.0001	+0.0000	+0.0000	+0.0001	+0.0000	+0.0000	+0.0000	+0.0000	    	1.00
3	0.0012 	0.0002 	0.0001	0.0002	+0.0000	+0.0000	-0.0001	+0.0000	+0.0000	+0.0000	+0.0000	    	0.50
4	0.0009 	0.0001 	0.0000	0.0001	+0.0000	+0.0000	+0.0000	+0.0000	+0.0000	+0.0000	+0.0000	    	0.00
5	0.0031 	0.0003 	0.0002	0.0003	+0.0001	+0.0000	-0.0001	+0.0000	-0.0001	+0.0000	+0.0000	    	0.58
6	0.0043 	0.0002 	0.0003	0.0003	-0.0001	+0.0001	-0.0001	+0.0000	+0.0001	+0.0001	+0.0002	    	1.32
7	0.0141 	0.0007 	0.0006	0.0009	-0.0005	+0.0002	+0.0002	+0.0000	+0.0001	+0.0001	+0.0001	    	0.80
8	0.5386 	0.0014 	0.0035	0.0038	-0.0025	-0.0024	-0.0001	-0.0004	-0.0007	-0.0003	-0.0023	    	2.49
9	0.5354 	0.0023 	0.0023	0.0032	+0.0012	+0.0013	+0.0007	+0.0001	-0.0002	+0.0003	+0.0017	    	0.99
10	0.5272 	0.0014 	0.0016	0.0021	-0.0006	+0.0001	-0.0002	+0.0002	+0.0001	-0.0003	+0.0014	    	1.12
11	0.5129 	0.0024 	0.0040	0.0046	+0.0028	+0.0004	+0.0028	+0.0001	+0.0000	+0.0001	+0.0000	    	1.65
12	0.9588 	0.0004 	0.0004	0.0006	-0.0004	+0.0000	+0.0000	+0.0000	+0.0000	-0.0001	+0.0000	    	1.03
13	0.9829 	0.0006 	0.0005	0.0008	-0.0002	+0.0000	+0.0004	-0.0002	-0.0001	-0.0001	+0.0000	    	0.76
14	0.9604 	0.0005 	0.0005	0.0007	+0.0002	+0.0001	+0.0001	+0.0002	+0.0003	+0.0002	+0.0002	    	0.92
15	0.9299 	0.0012 	0.0009	0.0015	-0.0003	+0.0000	+0.0008	+0.0000	+0.0001	-0.0004	-0.0001	    	0.79
16	0.9612 	0.0002 	0.0003	0.0004	-0.0001	-0.0001	+0.0003	+0.0000	-0.0001	-0.0001	+0.0000	    	1.66
17	0.9849 	0.0002 	0.0003	0.0004	+0.0000	-0.0001	+0.0003	+0.0000	-0.0001	-0.0001	-0.0001	    	1.73
18	0.9635 	0.0003 	0.0005	0.0006	-0.0004	-0.0002	-0.0001	-0.0002	-0.0002	-0.0002	-0.0002	    	1.76
19	0.9427 	0.0006 	0.0008	0.0010	+0.0003	+0.0004	+0.0006	-0.0001	-0.0001	-0.0001	+0.0004	    	1.38
20	0.9618 	0.0002 	0.0005	0.0005	-0.0002	+0.0000	-0.0001	-0.0002	-0.0002	-0.0003	-0.0002	    	2.29
21	0.9851 	0.0002 	0.0001	0.0002	+0.0000	-0.0001	+0.0001	+0.0000	+0.0000	+0.0000	+0.0000	    	0.71
22	0.9651 	0.0002 	0.0005	0.0005	-0.0002	-0.0002	+0.0002	-0.0003	-0.0002	-0.0002	-0.0002	    	2.29
23	0.9492 	0.0004 	0.0005	0.0006	+0.0004	-0.0001	+0.0001	+0.0000	+0.0001	+0.0000	-0.0002	    	1.17
24	0.9612 	0.0001 	0.0002	0.0003	+0.0000	+0.0000	+0.0002	+0.0000	+0.0001	+0.0000	+0.0001	    	2.45
25	0.9852 	0.0001 	0.0001	0.0002	+0.0001	+0.0001	+0.0000	+0.0000	+0.0001	+0.0000	+0.0000	    	1.41
26	0.9659 	0.0001 	0.0003	0.0003	+0.0002	+0.0002	+0.0000	+0.0000	+0.0002	+0.0002	+0.0001	    	3.00
27	0.9516 	0.0002 	0.0009	0.0009	-0.0002	-0.0004	-0.0001	-0.0001	+0.0000	-0.0001	-0.0008	    	4.53
28	0.9602 	0.0001 	0.0001	0.0001	+0.0000	+0.0000	-0.0001	+0.0000	+0.0000	+0.0000	+0.0000	    	1.00
29	0.9854 	0.0001 	0.0001	0.0001	+0.0000	+0.0000	+0.0000	+0.0000	+0.0000	-0.0001	+0.0000	    	1.00
30	0.9668 	0.0001 	0.0001	0.0002	+0.0000	+0.0000	+0.0001	+0.0000	+0.0001	+0.0000	+0.0000	    	1.41
31	0.9541 	0.0002 	0.0003	0.0004	-0.0002	-0.0001	+0.0000	-0.0001	+0.0001	-0.0002	-0.0001	    	1.58
32	0.9584 	0.0001 	0.0001	0.0002	+0.0000	+0.0000	+0.0001	+0.0000	+0.0000	-0.0001	+0.0000	    	1.41
33	0.9852 	0.0001 	0.0001	0.0002	-0.0001	+0.0000	+0.0000	+0.0000	-0.0001	-0.0001	+0.0000	    	1.41
34	0.9671 	0.0001 	0.0000	0.0001	+0.0000	+0.0000	+0.0000	+0.0000	+0.0000	+0.0000	+0.0000	    	0.00
35	0.9526 	0.0003 	0.0004	0.0005	+0.0003	+0.0000	+0.0000	+0.0000	+0.0002	-0.0001	+0.0001	    	1.25
36	0.9528 	0.0006 	0.0002	0.0006	+0.0000	+0.0001	+0.0001	+0.0000	+0.0000	-0.0002	+0.0000	    	0.41
37	0.9838 	0.0007 	0.0003	0.0007	-0.0001	-0.0002	+0.0000	+0.0001	+0.0001	+0.0001	-0.0001	    	0.38
38	0.9667 	0.0007 	0.0005	0.0008	-0.0001	-0.0002	+0.0004	+0.0000	+0.0000	-0.0001	+0.0000	    	0.65
39	0.9530 	0.0022 	0.0025	0.0033	+0.0007	+0.0003	-0.0001	+0.0000	-0.0003	+0.0002	+0.0024	    	1.15
Average	error:	0.000500 (stat)	0.000618 (syst)	0.000817 (total)

TnP Configurations 
Event Selection(Data) : ( (probe_isMedium && probe_miniIso_rhoAll < 0.1 && probe_iso03_sumPt/probe_pt < 0.4 && ( (probe_3DIPerrVTX > 0 && probe_3DIPVTX/probe_3DIPerrVTX < 3) || probe_3DIPerrVTX == 0) ) && tag_isTight && tag_HLT_IsoMu24_v==1 && tag_pt > 26 && fabs(tag_eta) < 2.4 && (tag_pfIso04_charged + max(0, tag_pfIso04_neutral+tag_pfIso04_photon-(0.5*tag_pfIso04_sumPU)))/tag_pt < 0.15 && 60 < pair_mass && pair_mass < 140 && pair_dR > 0.3) 
Event Selection(MC) : ( (probe_isMedium && probe_miniIso_rhoAll < 0.1 && probe_iso03_sumPt/probe_pt < 0.4 && ( (probe_3DIPerrVTX > 0 && probe_3DIPVTX/probe_3DIPerrVTX < 3) || probe_3DIPerrVTX == 0) ) && tag_isTight && tag_HLT_IsoMu24_v==1 && tag_pt > 26 && fabs(tag_eta) < 2.4 && (tag_pfIso04_charged + max(0, tag_pfIso04_neutral+tag_pfIso04_photon-(0.5*tag_pfIso04_sumPU)))/tag_pt < 0.15 && 60 < pair_mass && pair_mass < 140 && pair_dR > 0.3) 
Passing Probe Condtion : (probe_isMedium && probe_miniIso_rhoAll < 0.1 && probe_iso03_sumPt/probe_pt < 0.4 && ( (probe_3DIPerrVTX > 0 && probe_3DIPVTX/probe_3DIPerrVTX < 3) || probe_3DIPerrVTX == 0) ) && ( (probe_hltL3fL1sDoubleMu114L1f0L2f10OneMuL3Filtered17_dr<0.3 && probe_hltDiMuonGlb17Glb8RelTrkIsoFiltered0p4_dr<0.3) || (probe_hltL3fL1sDoubleMu114L1f0L2f10L3Filtered17_dr<0.3 && probe_hltDiMuonGlb17Trk8RelTrkIsoFiltered0p4_dr<0.3) || (probe_hltL3fL1sDoubleMu114TkFiltered17Q_dr<0.3 && probe_hltDiMuonTrk17Trk8RelTrkIsoFiltered0p4_dr<0.3) ) 
Input file(Data) : ['/gv0/Users/choij/TnPTrees/v220707/muon/Run2016_UL_HIPM/SingleMuon_2016a.root'] 
Input file(MC) : ['/gv0/Users/choij/TnPTrees/v220707/muon/Run2016_UL_HIPM/DYJetsToMuMu_M-50_TuneCP5_13TeV-powhegMiNNLO-pythia8-photos.root'] 
Binnings : [{'var': 'fabs(probe_eta)', 'type': 'float', 'bins': [0.0, 0.9, 1.2, 2.1, 2.4], 'title': '|#eta_{SC}|'}, {'var': 'probe_pt', 'type': 'float', 'bins': [10.0, 14.0, 16.0, 18.0, 20.0, 25.0, 30.0, 40.0, 50.0, 100.0, 200.0], 'title': 'p_{T}'}] 
