==== Data Efficiency Comparison ====
==== Binning Info ====
x-axis: [0.0, 0.9, 1.2, 2.1, 2.4]
y-axis: [15.0, 20.0, 25.0, 30.0, 40.0, 50.0, 60.0, 120.0]
[0.0, 15.0] 0.755, 0.749, 0.007
[0.0, 20.0] 0.808, 0.805, 0.004
[0.0, 25.0] 0.866, 0.859, 0.008
[0.0, 30.0] 0.932, 0.931, 0.001
[0.0, 40.0] 0.971, 0.972, -0.001
[0.0, 50.0] 0.981, 0.981, -0.000
[0.0, 60.0] 0.986, 0.986, -0.000
[0.9, 15.0] 0.770, 0.766, 0.006
[0.9, 20.0] 0.824, 0.821, 0.004
[0.9, 25.0] 0.870, 0.873, -0.004
[0.9, 30.0] 0.934, 0.936, -0.002
[0.9, 40.0] 0.974, 0.975, -0.000
[0.9, 50.0] 0.983, 0.983, -0.000
[0.9, 60.0] 0.988, 0.988, 0.000
[1.2, 15.0] 0.824, 0.823, 0.000
[1.2, 20.0] 0.866, 0.870, -0.004
[1.2, 25.0] 0.906, 0.911, -0.006
[1.2, 30.0] 0.950, 0.954, -0.003
[1.2, 40.0] 0.982, 0.982, -0.001
[1.2, 50.0] 0.988, 0.988, -0.001
[1.2, 60.0] 0.991, 0.991, -0.000
[2.1, 15.0] 0.822, 0.824, -0.002
[2.1, 20.0] 0.873, 0.875, -0.002
[2.1, 25.0] 0.915, 0.920, -0.006
[2.1, 30.0] 0.955, 0.958, -0.004
[2.1, 40.0] 0.982, 0.984, -0.002
[2.1, 50.0] 0.989, 0.990, -0.001
[2.1, 60.0] 0.993, 0.993, 0.000

==== MC Efficiency Comparison ====
==== Binning Info ====
x-axis: [0.0, 0.9, 1.2, 2.1, 2.4]
y-axis: [15.0, 20.0, 25.0, 30.0, 40.0, 50.0, 60.0, 120.0]
[0.0, 15.0] 0.749, 0.761, -0.015
[0.0, 20.0] 0.809, 0.816, -0.009
[0.0, 25.0] 0.869, 0.871, -0.002
[0.0, 30.0] 0.935, 0.937, -0.002
[0.0, 40.0] 0.974, 0.976, -0.002
[0.0, 50.0] 0.982, 0.984, -0.003
[0.0, 60.0] 0.986, 0.988, -0.002
[0.9, 15.0] 0.762, 0.781, -0.024
[0.9, 20.0] 0.816, 0.831, -0.018
[0.9, 25.0] 0.866, 0.876, -0.012
[0.9, 30.0] 0.933, 0.939, -0.006
[0.9, 40.0] 0.974, 0.978, -0.003
[0.9, 50.0] 0.982, 0.986, -0.003
[0.9, 60.0] 0.987, 0.989, -0.001
[1.2, 15.0] 0.804, 0.826, -0.026
[1.2, 20.0] 0.855, 0.872, -0.020
[1.2, 25.0] 0.897, 0.910, -0.014
[1.2, 30.0] 0.947, 0.955, -0.008
[1.2, 40.0] 0.981, 0.984, -0.003
[1.2, 50.0] 0.987, 0.990, -0.003
[1.2, 60.0] 0.990, 0.992, -0.002
[2.1, 15.0] 0.793, 0.818, -0.030
[2.1, 20.0] 0.851, 0.872, -0.023
[2.1, 25.0] 0.902, 0.915, -0.014
[2.1, 30.0] 0.948, 0.958, -0.011
[2.1, 40.0] 0.978, 0.983, -0.005
[2.1, 50.0] 0.987, 0.990, -0.004
[2.1, 60.0] 0.992, 0.992, -0.000
