ibin	Central	Staterr	Systerr	Totalerr  [MassRange]	[MassBin]	[TagIso]	[AltSig]   Syst/Stat
0	0.8451 	0.0013 	0.0158	0.0159	+0.0099	-0.0158	+0.0001	-0.0004	-0.0001	-0.0003	+0.0000	    	12.16
1	0.8582 	0.0024 	0.0099	0.0102	+0.0078	-0.0098	-0.0011	-0.0003	-0.0001	-0.0002	+0.0000	    	4.11
2	0.8576 	0.0011 	0.0074	0.0075	+0.0053	-0.0073	-0.0010	-0.0002	+0.0001	-0.0005	-0.0001	    	6.71
3	0.7924 	0.0021 	0.0045	0.0050	+0.0037	-0.0044	-0.0007	-0.0004	+0.0008	-0.0007	-0.0001	    	2.16
4	0.8736 	0.0010 	0.0261	0.0261	+0.0145	-0.0255	-0.0055	-0.0001	-0.0002	-0.0002	+0.0000	    	26.09
5	0.8836 	0.0014 	0.0207	0.0207	+0.0123	-0.0201	-0.0009	-0.0002	-0.0002	-0.0002	-0.0048	    	14.78
6	0.8829 	0.0008 	0.0102	0.0102	+0.0083	-0.0101	-0.0004	-0.0002	+0.0001	-0.0003	-0.0009	    	12.69
7	0.8181 	0.0014 	0.0067	0.0069	+0.0051	-0.0067	-0.0002	-0.0002	-0.0005	-0.0004	+0.0000	    	4.80
8	0.8900 	0.0004 	0.0146	0.0146	+0.0137	-0.0146	-0.0002	+0.0003	+0.0003	+0.0003	+0.0000	    	36.52
9	0.8998 	0.0010 	0.0157	0.0157	+0.0128	-0.0150	+0.0003	-0.0001	-0.0001	-0.0002	-0.0045	    	15.66
10	0.9010 	0.0005 	0.0101	0.0101	+0.0085	-0.0101	+0.0005	-0.0002	+0.0001	-0.0002	-0.0005	    	20.25
11	0.8399 	0.0010 	0.0058	0.0058	+0.0046	-0.0056	-0.0012	-0.0002	+0.0004	-0.0005	-0.0004	    	5.76
12	0.9191 	0.0003 	0.0065	0.0065	+0.0065	-0.0040	+0.0000	-0.0001	-0.0003	-0.0001	-0.0001	    	21.69
13	0.9184 	0.0006 	0.0102	0.0102	+0.0102	-0.0040	-0.0001	-0.0001	-0.0004	+0.0000	-0.0002	    	17.02
14	0.9199 	0.0007 	0.0072	0.0073	+0.0072	-0.0028	+0.0004	-0.0002	+0.0000	-0.0002	-0.0004	    	10.32
15	0.8646 	0.0009 	0.0039	0.0040	+0.0036	-0.0016	+0.0001	-0.0001	+0.0006	-0.0002	-0.0015	    	4.39
16	0.9524 	0.0001 	0.0014	0.0014	+0.0014	-0.0005	+0.0000	-0.0001	+0.0001	-0.0001	-0.0002	    	14.21
17	0.9500 	0.0002 	0.0021	0.0022	+0.0021	-0.0004	+0.0002	+0.0002	+0.0004	+0.0000	+0.0000	    	10.74
18	0.9428 	0.0002 	0.0025	0.0025	+0.0024	-0.0006	+0.0002	+0.0003	+0.0005	+0.0002	-0.0002	    	12.39
19	0.8817 	0.0004 	0.0019	0.0019	+0.0017	-0.0002	-0.0002	+0.0001	+0.0004	+0.0000	-0.0007	    	4.73
20	0.9718 	0.0001 	0.0004	0.0004	+0.0002	-0.0001	+0.0000	+0.0000	+0.0003	+0.0000	+0.0000	    	3.61
21	0.9731 	0.0003 	0.0004	0.0005	+0.0003	-0.0001	+0.0001	+0.0000	+0.0003	+0.0000	+0.0000	    	1.45
22	0.9611 	0.0001 	0.0004	0.0004	+0.0002	-0.0001	+0.0000	+0.0000	+0.0003	-0.0001	+0.0000	    	3.61
23	0.8986 	0.0003 	0.0011	0.0012	+0.0007	+0.0002	+0.0001	+0.0004	+0.0008	+0.0003	+0.0000	    	3.79
24	0.9741 	0.0002 	0.0008	0.0008	+0.0001	-0.0008	+0.0000	-0.0001	+0.0001	-0.0001	+0.0000	    	4.06
25	0.9746 	0.0003 	0.0009	0.0010	+0.0002	-0.0009	+0.0000	+0.0000	+0.0002	-0.0001	-0.0001	    	3.09
26	0.9625 	0.0002 	0.0004	0.0004	+0.0003	-0.0001	+0.0001	+0.0001	+0.0002	+0.0000	+0.0001	    	1.94
27	0.8984 	0.0007 	0.0067	0.0067	+0.0000	+0.0067	+0.0002	+0.0000	+0.0002	+0.0000	+0.0003	    	9.59
28	0.9747 	0.0002 	0.0003	0.0004	+0.0001	-0.0003	+0.0001	+0.0000	+0.0000	-0.0001	-0.0001	    	1.73
29	0.9738 	0.0005 	0.0014	0.0015	+0.0005	-0.0001	+0.0002	+0.0001	+0.0000	-0.0001	-0.0013	    	2.82
30	0.9621 	0.0003 	0.0006	0.0007	+0.0001	-0.0006	-0.0002	-0.0001	+0.0001	-0.0001	+0.0000	    	2.13
31	0.9041 	0.0012 	0.0087	0.0088	+0.0004	+0.0002	-0.0001	+0.0000	+0.0087	-0.0002	+0.0006	    	7.28
32	0.9746 	0.0017 	0.0026	0.0031	-0.0025	+0.0001	-0.0003	-0.0002	+0.0001	-0.0005	-0.0006	    	1.55
33	0.9685 	0.0028 	0.0014	0.0031	+0.0013	-0.0006	-0.0002	+0.0000	+0.0003	+0.0000	-0.0001	    	0.48
34	0.9641 	0.0060 	0.0019	0.0063	+0.0005	+0.0004	+0.0004	+0.0002	+0.0010	-0.0004	-0.0015	    	0.32
35	0.9130 	0.0134 	0.0105	0.0170	-0.0056	-0.0013	-0.0007	+0.0002	-0.0013	-0.0009	+0.0087	    	0.78
Average	error:	0.001281 (stat)	0.006162 (syst)	0.006586 (total)

TnP Configurations 
Event Selection(Data) : (probe_isTracker && tag_HLT_IsoMu24_v==1 && tag_pt > 26 && fabs(tag_eta) < 2.4 && (tag_pfIso04_charged + max(0, tag_pfIso04_neutral+tag_pfIso04_photon-(0.5*tag_pfIso04_sumPU)))/tag_pt < 0.2 && tag_isTight && 60 < pair_mass && pair_mass < 140 && pair_dR > 0.3 && pair_probeMultiplicity == 1) 
Event Selection(MC) : (probe_isTracker && tag_HLT_IsoMu24_v==1 && tag_pt > 26 && fabs(tag_eta) < 2.4 && (tag_pfIso04_charged + max(0, tag_pfIso04_neutral+tag_pfIso04_photon-(0.5*tag_pfIso04_sumPU)))/tag_pt < 0.2 && tag_isTight && 60 < pair_mass && pair_mass < 140 && pair_dR > 0.3 && pair_probeMultiplicity == 1) 
Passing Probe Condtion : probe_CutBasedIdMedium && probe_miniIso_rhoAll < 0.1 && probe_iso03_sumPt/probe_pt < 0.4 && ( (probe_3DIPerrVTX>0 && probe_3DIPVTX/probe_3DIPerrVTX<3) || probe_3DIPerrVTX==0) && abs(probe_dz) < 0.1 
Input file(Data) : ['/gv0/Users/choij/TnPTrees/v220707/muon/Run2016_UL_HIPM/SingleMuon_2016a.root'] 
Input file(MC) : ['/gv0/Users/choij/TnPTrees/v220707/muon/Run2016_UL_HIPM/DYJetsToMuMu_M-50_TuneCP5_13TeV-powhegMiNNLO-pythia8-photos.root'] 
Binnings : [{'var': 'fabs(probe_eta)', 'type': 'float', 'bins': [0.0, 0.9, 1.2, 2.1, 2.4], 'title': '|#eta_{SC}|'}, {'var': 'probe_pt', 'type': 'float', 'bins': [10.0, 15.0, 20.0, 25.0, 30.0, 40.0, 50.0, 60.0, 120.0, 200.0], 'title': 'p_{T}'}] 
