ibin	Central	Staterr	Systerr	Totalerr  [MassRange]	[MassBin]	[TagIso]	[AltSig]   Syst/Stat
0	0.8395 	0.0024 	0.0170	0.0172	+0.0104	-0.0160	-0.0013	-0.0019	-0.0054	-0.0009	-0.0010	    	7.09
1	0.8440 	0.0058 	0.0120	0.0134	+0.0118	-0.0090	-0.0017	+0.0003	+0.0014	-0.0002	+0.0008	    	2.07
2	0.8518 	0.0023 	0.0068	0.0071	+0.0025	-0.0066	-0.0015	-0.0003	+0.0001	+0.0000	-0.0001	    	2.94
3	0.7971 	0.0041 	0.0026	0.0048	+0.0012	-0.0025	+0.0003	-0.0005	-0.0001	+0.0000	+0.0001	    	0.62
4	0.8633 	0.0011 	0.0196	0.0196	+0.0158	-0.0196	+0.0000	-0.0004	-0.0006	-0.0006	+0.0000	    	17.83
5	0.8658 	0.0030 	0.0160	0.0163	+0.0127	-0.0159	-0.0014	+0.0000	+0.0005	+0.0003	-0.0012	    	5.34
6	0.8676 	0.0020 	0.0105	0.0107	+0.0082	-0.0104	+0.0001	-0.0002	+0.0004	-0.0003	-0.0016	    	5.27
7	0.8155 	0.0028 	0.0059	0.0065	+0.0027	-0.0048	-0.0001	+0.0000	+0.0013	+0.0001	-0.0031	    	2.09
8	0.8804 	0.0006 	0.0152	0.0152	+0.0145	-0.0152	-0.0006	-0.0002	-0.0002	+0.0000	+0.0000	    	25.36
9	0.8772 	0.0042 	0.0167	0.0172	+0.0166	-0.0140	+0.0006	-0.0001	+0.0012	-0.0006	+0.0000	    	3.97
10	0.8826 	0.0008 	0.0106	0.0107	+0.0098	-0.0106	+0.0004	-0.0001	-0.0002	-0.0003	-0.0005	    	13.28
11	0.8321 	0.0010 	0.0063	0.0064	+0.0041	-0.0060	-0.0005	-0.0001	+0.0017	-0.0005	-0.0008	    	6.31
12	0.9096 	0.0006 	0.0086	0.0086	+0.0085	-0.0037	+0.0002	-0.0001	-0.0010	+0.0000	+0.0001	    	14.27
13	0.9033 	0.0011 	0.0096	0.0097	+0.0096	-0.0035	-0.0005	-0.0005	-0.0003	+0.0000	-0.0006	    	8.76
14	0.9052 	0.0007 	0.0075	0.0075	+0.0075	-0.0035	+0.0000	-0.0001	-0.0003	-0.0001	-0.0003	    	10.73
15	0.8513 	0.0025 	0.0036	0.0044	+0.0035	-0.0003	+0.0001	-0.0001	+0.0005	-0.0003	-0.0006	    	1.43
16	0.9440 	0.0001 	0.0007	0.0007	+0.0006	-0.0004	-0.0002	-0.0001	+0.0000	-0.0002	+0.0000	    	6.63
17	0.9390 	0.0004 	0.0010	0.0011	+0.0010	-0.0003	-0.0001	+0.0000	+0.0003	+0.0000	+0.0000	    	2.62
18	0.9324 	0.0003 	0.0014	0.0015	+0.0014	-0.0004	+0.0000	+0.0000	+0.0003	+0.0000	+0.0000	    	4.77
19	0.8735 	0.0007 	0.0018	0.0020	+0.0016	+0.0002	+0.0000	+0.0000	+0.0002	+0.0001	-0.0009	    	2.64
20	0.9647 	0.0005 	0.0004	0.0006	+0.0001	-0.0001	+0.0000	-0.0002	+0.0001	-0.0003	-0.0001	    	0.77
21	0.9635 	0.0003 	0.0005	0.0006	+0.0000	-0.0003	-0.0001	-0.0002	+0.0001	-0.0003	-0.0001	    	1.60
22	0.9529 	0.0002 	0.0004	0.0004	+0.0002	+0.0000	+0.0001	+0.0000	+0.0003	+0.0000	+0.0000	    	1.87
23	0.8866 	0.0006 	0.0004	0.0007	+0.0004	+0.0002	+0.0001	+0.0000	+0.0000	+0.0000	+0.0001	    	0.71
24	0.9655 	0.0004 	0.0004	0.0005	+0.0003	-0.0002	+0.0001	-0.0001	+0.0000	-0.0002	+0.0000	    	0.94
25	0.9638 	0.0006 	0.0007	0.0009	+0.0002	-0.0007	+0.0000	-0.0001	+0.0000	-0.0002	+0.0000	    	1.22
26	0.9519 	0.0004 	0.0005	0.0007	+0.0005	+0.0000	+0.0000	-0.0001	+0.0002	-0.0001	+0.0000	    	1.37
27	0.8852 	0.0014 	0.0012	0.0018	-0.0007	-0.0004	-0.0009	-0.0001	-0.0002	-0.0001	+0.0000	    	0.83
28	0.9662 	0.0005 	0.0008	0.0010	+0.0004	-0.0003	+0.0004	+0.0003	+0.0006	+0.0000	+0.0000	    	1.65
29	0.9628 	0.0009 	0.0009	0.0013	+0.0000	-0.0008	+0.0002	+0.0000	+0.0003	+0.0001	+0.0000	    	0.97
30	0.9519 	0.0007 	0.0009	0.0012	+0.0006	-0.0005	-0.0002	+0.0000	+0.0000	+0.0001	+0.0007	    	1.36
31	0.8959 	0.0024 	0.0020	0.0031	+0.0006	+0.0003	-0.0001	+0.0001	-0.0001	+0.0001	+0.0019	    	0.83
32	0.9640 	0.0040 	0.0018	0.0044	+0.0011	-0.0005	-0.0006	+0.0001	-0.0013	+0.0006	+0.0000	    	0.45
33	0.9629 	0.0078 	0.0032	0.0084	+0.0010	+0.0005	-0.0009	-0.0006	+0.0015	-0.0003	-0.0025	    	0.41
34	0.9428 	0.0053 	0.0041	0.0067	+0.0013	+0.0007	+0.0008	+0.0003	+0.0033	+0.0002	-0.0018	    	0.77
35	0.8811 	0.0248 	0.0242	0.0346	-0.0004	-0.0157	+0.0002	-0.0015	+0.0046	+0.0096	+0.0156	    	0.97
Average	error:	0.002425 (stat)	0.005996 (syst)	0.006876 (total)

TnP Configurations 
Event Selection(Data) : (probe_isTracker && tag_HLT_IsoMu24_v==1 && tag_pt > 26 && fabs(tag_eta) < 2.4 && (tag_pfIso04_charged + max(0, tag_pfIso04_neutral+tag_pfIso04_photon-(0.5*tag_pfIso04_sumPU)))/tag_pt < 0.2 && tag_isTight && 60 < pair_mass && pair_mass < 140 && pair_dR > 0.3 && pair_probeMultiplicity == 1) 
Event Selection(MC) : (probe_isTracker && tag_HLT_IsoMu24_v==1 && tag_pt > 26 && fabs(tag_eta) < 2.4 && (tag_pfIso04_charged + max(0, tag_pfIso04_neutral+tag_pfIso04_photon-(0.5*tag_pfIso04_sumPU)))/tag_pt < 0.2 && tag_isTight && 60 < pair_mass && pair_mass < 140 && pair_dR > 0.3 && pair_probeMultiplicity == 1) 
Passing Probe Condtion : probe_CutBasedIdMedium && probe_miniIso_rhoAll < 0.1 && probe_iso03_sumPt/probe_pt < 0.4 && ( (probe_3DIPerrVTX>0 && probe_3DIPVTX/probe_3DIPerrVTX<3) || probe_3DIPerrVTX==0) && abs(probe_dz) < 0.1 
Input file(Data) : ['/gv0/Users/choij/TnPTrees/v220707/muon/Run2016_UL_HIPM/SingleMuon_2016a.root'] 
Input file(MC) : ['/gv0/Users/choij/TnPTrees/v220707/muon/Run2016_UL_HIPM/DYJetsToMuMu_M-50_TuneCP5_13TeV-powhegMiNNLO-pythia8-photos.root'] 
Binnings : [{'var': 'fabs(probe_eta)', 'type': 'float', 'bins': [0.0, 0.9, 1.2, 2.1, 2.4], 'title': '|#eta_{SC}|'}, {'var': 'probe_pt', 'type': 'float', 'bins': [10.0, 15.0, 20.0, 25.0, 30.0, 40.0, 50.0, 60.0, 120.0, 200.0], 'title': 'p_{T}'}] 
