ibin	Central	Staterr	Systerr	Totalerr  [MassRange]	[MassBin]	[TagIso]	[AltSig]   Syst/Stat
0	0.9545 	0.0010 	0.0008	0.0013	+0.0001	-0.0003	+0.0002	+0.0000	+0.0001	+0.0000	-0.0007	    	0.79
1	0.9799 	0.0010 	0.0001	0.0010	-0.0001	+0.0000	+0.0000	+0.0000	-0.0001	+0.0001	+0.0000	    	0.14
2	0.9657 	0.0007 	0.0007	0.0010	+0.0000	+0.0000	-0.0001	+0.0000	+0.0000	+0.0001	+0.0007	    	1.02
3	0.9230 	0.0020 	0.0017	0.0026	-0.0005	+0.0002	+0.0007	+0.0000	-0.0005	-0.0002	+0.0014	    	0.86
4	0.9570 	0.0006 	0.0007	0.0009	-0.0001	+0.0001	+0.0002	+0.0000	+0.0007	+0.0000	+0.0000	    	1.22
5	0.9809 	0.0007 	0.0004	0.0008	-0.0002	-0.0001	+0.0000	+0.0000	+0.0000	+0.0001	-0.0003	    	0.53
6	0.9674 	0.0005 	0.0006	0.0008	+0.0002	-0.0001	+0.0004	+0.0000	+0.0001	+0.0001	+0.0004	    	1.22
7	0.9284 	0.0014 	0.0009	0.0017	+0.0003	-0.0007	-0.0005	+0.0001	-0.0001	+0.0002	+0.0002	    	0.65
8	0.9581 	0.0004 	0.0001	0.0004	+0.0000	+0.0001	+0.0001	+0.0000	+0.0000	+0.0000	+0.0000	    	0.35
9	0.9810 	0.0005 	0.0002	0.0006	+0.0000	-0.0001	+0.0002	+0.0000	-0.0001	+0.0000	+0.0000	    	0.49
10	0.9683 	0.0004 	0.0002	0.0005	+0.0001	-0.0001	+0.0000	+0.0000	+0.0002	+0.0000	-0.0001	    	0.61
11	0.9338 	0.0010 	0.0006	0.0011	+0.0003	-0.0001	+0.0002	+0.0000	+0.0003	+0.0000	+0.0003	    	0.56
12	0.9579 	0.0003 	0.0000	0.0003	+0.0000	+0.0000	+0.0000	+0.0000	+0.0000	+0.0000	+0.0000	    	0.00
13	0.9820 	0.0003 	0.0002	0.0004	+0.0001	-0.0001	+0.0001	+0.0000	+0.0001	+0.0000	+0.0001	    	0.67
14	0.9690 	0.0003 	0.0002	0.0004	+0.0002	+0.0000	+0.0000	+0.0000	+0.0000	+0.0000	+0.0001	    	0.75
15	0.9350 	0.0007 	0.0005	0.0009	-0.0001	+0.0001	+0.0004	+0.0000	+0.0003	-0.0002	-0.0001	    	0.74
16	0.9579 	0.0001 	0.0000	0.0001	+0.0000	+0.0000	+0.0000	+0.0000	+0.0000	+0.0000	+0.0000	    	0.00
17	0.9815 	0.0002 	0.0001	0.0002	+0.0000	+0.0000	+0.0000	+0.0000	+0.0000	+0.0000	+0.0001	    	0.50
18	0.9699 	0.0001 	0.0001	0.0002	+0.0001	+0.0000	+0.0000	+0.0000	+0.0001	+0.0000	+0.0000	    	1.41
19	0.9354 	0.0004 	0.0003	0.0005	+0.0002	+0.0000	+0.0002	+0.0000	+0.0001	-0.0001	+0.0001	    	0.79
20	0.9567 	0.0001 	0.0000	0.0001	+0.0000	+0.0000	+0.0000	+0.0000	+0.0000	+0.0000	+0.0000	    	0.00
21	0.9814 	0.0001 	0.0000	0.0001	+0.0000	+0.0000	+0.0000	+0.0000	+0.0000	+0.0000	+0.0000	    	0.00
22	0.9707 	0.0001 	0.0000	0.0001	+0.0000	+0.0000	+0.0000	+0.0000	+0.0000	+0.0000	+0.0000	    	0.00
23	0.9351 	0.0003 	0.0002	0.0003	-0.0001	-0.0001	-0.0001	+0.0000	+0.0000	-0.0001	+0.0000	    	0.58
24	0.9546 	0.0002 	0.0003	0.0004	+0.0000	+0.0000	+0.0001	+0.0000	+0.0000	+0.0000	-0.0003	    	1.58
25	0.9803 	0.0003 	0.0001	0.0003	+0.0000	+0.0000	+0.0001	+0.0000	-0.0001	+0.0000	+0.0000	    	0.47
26	0.9709 	0.0002 	0.0001	0.0002	-0.0001	-0.0001	-0.0001	+0.0000	+0.0000	+0.0000	+0.0000	    	0.71
27	0.9343 	0.0007 	0.0002	0.0007	+0.0001	+0.0000	+0.0001	+0.0000	-0.0001	+0.0001	+0.0000	    	0.25
28	0.9491 	0.0013 	0.0009	0.0016	+0.0000	+0.0000	+0.0007	+0.0000	-0.0002	-0.0004	-0.0005	    	0.73
29	0.9759 	0.0015 	0.0010	0.0018	-0.0007	-0.0001	+0.0004	+0.0001	-0.0004	+0.0001	-0.0005	    	0.69
30	0.9725 	0.0011 	0.0003	0.0011	-0.0002	+0.0001	+0.0001	+0.0000	+0.0001	-0.0001	-0.0001	    	0.24
31	0.9299 	0.0045 	0.0040	0.0061	-0.0030	+0.0007	+0.0012	+0.0004	+0.0004	+0.0008	+0.0023	    	0.90
Average	error:	0.000719 (stat)	0.000497 (syst)	0.000892 (total)

TnP Configurations 
Event Selection(Data) : ( (probe_isMedium && probe_miniIso_rhoAll < 0.1 && probe_iso03_sumPt/probe_pt < 0.4 && ( (probe_3DIPerrVTX > 0 && probe_3DIPVTX/probe_3DIPerrVTX < 3) || probe_3DIPerrVTX == 0) ) && tag_isTight && tag_HLT_IsoMu24_v==1 && tag_pt > 26 && fabs(tag_eta) < 2.4 && (tag_pfIso04_charged + max(0, tag_pfIso04_neutral+tag_pfIso04_photon-(0.5*tag_pfIso04_sumPU)))/tag_pt < 0.15 && 60 < pair_mass && pair_mass < 140 && pair_dR > 0.3) 
Event Selection(MC) : ( (probe_isMedium && probe_miniIso_rhoAll < 0.1 && probe_iso03_sumPt/probe_pt < 0.4 && ( (probe_3DIPerrVTX > 0 && probe_3DIPVTX/probe_3DIPerrVTX < 3) || probe_3DIPerrVTX == 0) ) && tag_isTight && tag_HLT_IsoMu24_v==1 && tag_pt > 26 && fabs(tag_eta) < 2.4 && (tag_pfIso04_charged + max(0, tag_pfIso04_neutral+tag_pfIso04_photon-(0.5*tag_pfIso04_sumPU)))/tag_pt < 0.15 && 60 < pair_mass && pair_mass < 140 && pair_dR > 0.3)*(genWeight) 
Passing Probe Condtion : (probe_isMedium && probe_miniIso_rhoAll < 0.1 && probe_iso03_sumPt/probe_pt < 0.4 && ( (probe_3DIPerrVTX > 0 && probe_3DIPVTX/probe_3DIPerrVTX < 3) || probe_3DIPerrVTX == 0) ) && probe_hltDiMuon178RelTrkIsoFiltered0p4_dr<0.3 
Input file(Data) : ['/gv0/Users/choij/TnPTrees/v220707/muon/Run2018_UL/SingleMuon_2018.root'] 
Input file(MC) : ['/gv0/Users/choij/TnPTrees/v220707/muon/Run2018_UL/DYJetsToLL_M-50_TuneCP5_13TeV-madgraphMLM-pythia8.root'] 
Binnings : [{'var': 'fabs(probe_eta)', 'type': 'float', 'bins': [0.0, 0.9, 1.2, 2.1, 2.4], 'title': '|#eta_{SC}|'}, {'var': 'probe_pt', 'type': 'float', 'bins': [10.0, 15.0, 20.0, 25.0, 30.0, 40.0, 50.0, 100.0, 200.0], 'title': 'p_{T}'}] 
