ibin	Central	Staterr	Systerr	Totalerr  [MassRange]	[MassBin]	[TagIso]	[AltSig]   Syst/Stat
0	0.8259 	0.0010 	0.0143	0.0144	+0.0110	-0.0143	-0.0008	-0.0002	-0.0003	-0.0004	-0.0001	    	14.33
1	0.8320 	0.0014 	0.0091	0.0093	+0.0077	-0.0090	-0.0016	-0.0003	-0.0004	-0.0003	+0.0000	    	6.54
2	0.8227 	0.0008 	0.0071	0.0071	+0.0052	-0.0070	-0.0003	-0.0003	+0.0001	-0.0004	-0.0008	    	8.83
3	0.7893 	0.0013 	0.0040	0.0042	+0.0028	-0.0039	-0.0009	-0.0002	+0.0000	+0.0001	+0.0000	    	3.08
4	0.8542 	0.0004 	0.0183	0.0183	+0.0183	-0.0182	+0.0001	+0.0002	+0.0001	+0.0002	+0.0000	    	45.76
5	0.8655 	0.0009 	0.0184	0.0184	+0.0110	-0.0184	-0.0007	-0.0001	-0.0003	+0.0000	+0.0000	    	20.46
6	0.8513 	0.0005 	0.0100	0.0101	+0.0078	-0.0100	-0.0002	-0.0002	-0.0002	-0.0002	-0.0009	    	20.09
7	0.8221 	0.0010 	0.0106	0.0107	+0.0043	-0.0106	+0.0004	-0.0002	+0.0007	-0.0004	+0.0000	    	10.63
8	0.8822 	0.0003 	0.0137	0.0137	+0.0131	-0.0137	+0.0000	+0.0002	+0.0000	+0.0002	+0.0000	    	45.68
9	0.8840 	0.0007 	0.0187	0.0187	+0.0121	-0.0183	-0.0002	-0.0002	-0.0003	-0.0002	-0.0040	    	26.77
10	0.8755 	0.0004 	0.0102	0.0102	+0.0084	-0.0102	-0.0002	-0.0002	-0.0002	-0.0003	-0.0004	    	25.54
11	0.8453 	0.0005 	0.0063	0.0063	+0.0049	-0.0063	-0.0003	+0.0000	+0.0002	+0.0000	-0.0001	    	12.62
12	0.9139 	0.0003 	0.0073	0.0073	+0.0066	-0.0043	+0.0001	-0.0017	-0.0018	-0.0017	-0.0018	    	24.25
13	0.9037 	0.0003 	0.0074	0.0074	+0.0074	-0.0044	+0.0002	-0.0001	-0.0004	+0.0000	+0.0000	    	24.71
14	0.8990 	0.0005 	0.0073	0.0074	+0.0073	-0.0030	-0.0002	-0.0003	-0.0004	-0.0003	-0.0005	    	14.67
15	0.8726 	0.0007 	0.0022	0.0023	+0.0020	-0.0021	+0.0002	-0.0001	+0.0001	-0.0002	-0.0004	    	3.08
16	0.9488 	0.0002 	0.0013	0.0013	+0.0012	-0.0005	+0.0000	-0.0003	-0.0001	-0.0003	-0.0001	    	6.38
17	0.9384 	0.0001 	0.0018	0.0019	+0.0018	-0.0005	+0.0003	+0.0001	+0.0003	+0.0001	+0.0000	    	18.49
18	0.9282 	0.0001 	0.0024	0.0024	+0.0023	-0.0005	+0.0001	+0.0003	+0.0005	+0.0003	+0.0000	    	23.73
19	0.8954 	0.0002 	0.0015	0.0015	+0.0013	-0.0005	+0.0001	+0.0003	+0.0005	+0.0003	-0.0003	    	7.28
20	0.9692 	0.0001 	0.0003	0.0003	+0.0002	-0.0001	+0.0000	+0.0000	+0.0002	-0.0001	+0.0000	    	2.83
21	0.9640 	0.0002 	0.0004	0.0005	+0.0003	-0.0001	+0.0000	+0.0000	+0.0003	+0.0000	+0.0001	    	2.18
22	0.9504 	0.0003 	0.0004	0.0005	+0.0003	-0.0002	+0.0000	+0.0000	+0.0002	-0.0001	+0.0000	    	1.20
23	0.9109 	0.0002 	0.0004	0.0004	+0.0002	+0.0000	+0.0000	+0.0000	+0.0003	+0.0000	+0.0000	    	1.80
24	0.9724 	0.0001 	0.0003	0.0003	+0.0002	-0.0001	-0.0001	+0.0000	+0.0002	-0.0001	-0.0001	    	3.16
25	0.9670 	0.0002 	0.0010	0.0010	+0.0004	-0.0010	+0.0002	-0.0001	+0.0000	-0.0001	+0.0000	    	5.12
26	0.9547 	0.0001 	0.0013	0.0013	+0.0001	-0.0003	+0.0000	-0.0001	+0.0002	-0.0001	-0.0012	    	12.57
27	0.9121 	0.0004 	0.0004	0.0005	+0.0003	+0.0000	-0.0001	+0.0000	+0.0002	+0.0000	+0.0000	    	0.94
28	0.9742 	0.0007 	0.0002	0.0007	+0.0002	-0.0002	-0.0001	+0.0000	+0.0001	+0.0000	+0.0000	    	0.35
29	0.9680 	0.0003 	0.0005	0.0006	+0.0002	-0.0004	-0.0002	-0.0001	+0.0001	-0.0002	+0.0000	    	1.63
30	0.9544 	0.0002 	0.0033	0.0033	+0.0024	+0.0018	+0.0000	+0.0000	+0.0001	+0.0000	+0.0022	    	16.29
31	0.9152 	0.0007 	0.0009	0.0011	+0.0008	-0.0002	+0.0002	-0.0001	+0.0001	-0.0002	-0.0001	    	1.22
32	0.9757 	0.0009 	0.0016	0.0018	+0.0002	-0.0002	+0.0015	-0.0003	-0.0003	+0.0001	-0.0002	    	1.73
33	0.9699 	0.0017 	0.0007	0.0018	+0.0000	-0.0002	-0.0005	+0.0001	+0.0004	+0.0003	+0.0000	    	0.39
34	0.9533 	0.0012 	0.0068	0.0069	+0.0037	+0.0033	+0.0034	+0.0001	+0.0036	-0.0001	+0.0028	    	5.66
35	0.9282 	0.0058 	0.0065	0.0087	+0.0017	-0.0009	-0.0026	+0.0000	+0.0017	+0.0003	+0.0055	    	1.13
Average	error:	0.000686 (stat)	0.005468 (syst)	0.005626 (total)

TnP Configurations 
Event Selection(Data) : (probe_isTracker && tag_HLT_IsoMu24_v==1 && tag_pt > 26 && fabs(tag_eta) < 2.4 && (tag_pfIso04_charged + max(0, tag_pfIso04_neutral+tag_pfIso04_photon-(0.5*tag_pfIso04_sumPU)))/tag_pt < 0.2 && tag_isTight && 60 < pair_mass && pair_mass < 140 && pair_dR > 0.3 && pair_probeMultiplicity == 1) 
Event Selection(MC) : (probe_isTracker && tag_HLT_IsoMu24_v==1 && tag_pt > 26 && fabs(tag_eta) < 2.4 && (tag_pfIso04_charged + max(0, tag_pfIso04_neutral+tag_pfIso04_photon-(0.5*tag_pfIso04_sumPU)))/tag_pt < 0.2 && tag_isTight && 60 < pair_mass && pair_mass < 140 && pair_dR > 0.3 && pair_probeMultiplicity == 1) 
Passing Probe Condtion : probe_isMedium && probe_miniIso_rhoAll < 0.1 && probe_iso03_sumPt/probe_pt < 0.4 && ( (probe_3DIPerrVTX>0 && probe_3DIPVTX/probe_3DIPerrVTX<3) || probe_3DIPerrVTX==0) && abs(probe_dz) < 0.1 
Input file(Data) : ['/gv0/Users/choij/TnPTrees/muon/Run2018_UL/SingleMuon_2018.root'] 
Input file(MC) : ['/gv0/Users/choij/TnPTrees/muon/Run2018_UL/DYJetsToMuMu_M-50_massWgtFix_TuneCP5_13TeV-powhegMiNNLO-pythia8-photos.root'] 
Binnings : [{'var': 'fabs(probe_eta)', 'type': 'float', 'bins': [0.0, 0.9, 1.2, 2.1, 2.4], 'title': '|#eta_{SC}|'}, {'var': 'probe_pt', 'type': 'float', 'bins': [10.0, 15.0, 20.0, 25.0, 30.0, 40.0, 50.0, 60.0, 120.0, 200.0], 'title': 'p_{T}'}] 
