ibin	Central	Staterr	Systerr	Totalerr  [MassRange]	[MassBin]	[TagIso]	[AltSig]   Syst/Stat
0	0.7888 	0.0011 	0.0167	0.0167	+0.0114	-0.0166	-0.0011	-0.0001	-0.0003	-0.0001	-0.0010	    	15.15
1	0.7903 	0.0023 	0.0111	0.0113	+0.0089	-0.0103	-0.0032	-0.0028	-0.0022	-0.0025	-0.0002	    	4.81
2	0.7934 	0.0011 	0.0103	0.0104	+0.0032	-0.0074	-0.0005	-0.0003	-0.0005	-0.0002	-0.0072	    	9.41
3	0.7520 	0.0024 	0.0017	0.0029	-0.0005	-0.0014	-0.0001	-0.0004	+0.0004	+0.0004	+0.0007	    	0.69
4	0.8237 	0.0011 	0.0218	0.0218	+0.0170	-0.0218	+0.0003	-0.0002	+0.0000	-0.0003	+0.0000	    	19.82
5	0.8280 	0.0010 	0.0158	0.0158	+0.0127	-0.0157	-0.0015	+0.0000	+0.0008	-0.0002	+0.0000	    	15.79
6	0.8183 	0.0008 	0.0110	0.0110	+0.0081	-0.0108	-0.0001	-0.0001	+0.0004	-0.0001	-0.0019	    	13.72
7	0.7718 	0.0016 	0.0074	0.0076	+0.0038	-0.0068	+0.0009	+0.0000	-0.0001	+0.0000	-0.0028	    	4.63
8	0.8572 	0.0006 	0.0162	0.0162	+0.0149	-0.0162	+0.0000	-0.0002	+0.0000	-0.0002	+0.0000	    	27.00
9	0.8518 	0.0010 	0.0158	0.0158	+0.0143	-0.0158	+0.0000	+0.0000	-0.0002	-0.0001	-0.0001	    	15.80
10	0.8420 	0.0006 	0.0119	0.0119	+0.0096	-0.0119	-0.0001	-0.0002	-0.0004	-0.0001	+0.0000	    	19.85
11	0.7947 	0.0012 	0.0075	0.0076	+0.0059	-0.0074	-0.0003	-0.0001	-0.0009	-0.0001	-0.0005	    	6.23
12	0.8935 	0.0003 	0.0087	0.0087	+0.0087	-0.0030	+0.0000	+0.0000	+0.0004	-0.0003	+0.0000	    	29.03
13	0.8774 	0.0005 	0.0100	0.0100	+0.0100	-0.0047	+0.0000	+0.0001	-0.0002	+0.0001	+0.0000	    	20.00
14	0.8687 	0.0004 	0.0082	0.0082	+0.0082	-0.0042	-0.0001	+0.0000	-0.0001	-0.0001	+0.0001	    	20.50
15	0.8208 	0.0008 	0.0050	0.0050	+0.0049	-0.0027	-0.0002	+0.0000	+0.0009	+0.0001	+0.0000	    	6.23
16	0.9368 	0.0001 	0.0009	0.0009	+0.0009	-0.0002	+0.0000	+0.0000	+0.0000	-0.0001	+0.0000	    	9.06
17	0.9189 	0.0002 	0.0012	0.0013	+0.0012	+0.0001	+0.0001	+0.0001	+0.0003	+0.0000	+0.0001	    	6.22
18	0.9040 	0.0001 	0.0012	0.0012	+0.0012	+0.0000	+0.0000	+0.0001	+0.0003	+0.0000	+0.0001	    	12.45
19	0.8503 	0.0004 	0.0010	0.0010	+0.0009	-0.0003	+0.0001	+0.0000	+0.0003	-0.0001	+0.0000	    	2.38
20	0.9607 	0.0001 	0.0004	0.0004	+0.0002	+0.0000	+0.0000	+0.0000	+0.0003	-0.0001	+0.0001	    	3.74
21	0.9498 	0.0002 	0.0003	0.0004	+0.0002	-0.0001	-0.0001	+0.0000	+0.0002	-0.0001	+0.0000	    	1.50
22	0.9309 	0.0001 	0.0003	0.0003	+0.0002	-0.0001	+0.0000	+0.0000	+0.0002	-0.0001	+0.0001	    	3.00
23	0.8709 	0.0015 	0.0003	0.0015	+0.0002	-0.0003	-0.0001	+0.0000	+0.0001	-0.0001	+0.0000	    	0.22
24	0.9648 	0.0002 	0.0002	0.0003	+0.0002	+0.0000	-0.0001	+0.0000	+0.0000	-0.0001	+0.0000	    	1.22
25	0.9545 	0.0009 	0.0005	0.0010	+0.0003	-0.0001	+0.0003	-0.0001	+0.0000	-0.0002	+0.0000	    	0.52
26	0.9367 	0.0003 	0.0004	0.0005	+0.0004	-0.0001	+0.0000	+0.0000	-0.0001	-0.0001	+0.0000	    	1.37
27	0.8792 	0.0007 	0.0030	0.0031	+0.0030	+0.0019	-0.0002	+0.0000	-0.0002	-0.0002	+0.0003	    	4.33
28	0.9686 	0.0002 	0.0012	0.0012	-0.0002	-0.0008	-0.0002	+0.0000	-0.0004	-0.0006	-0.0006	    	5.92
29	0.9572 	0.0005 	0.0008	0.0010	+0.0004	-0.0005	-0.0001	+0.0000	+0.0003	-0.0001	+0.0006	    	1.69
30	0.9386 	0.0004 	0.0018	0.0019	-0.0002	-0.0012	-0.0008	-0.0008	-0.0005	-0.0008	-0.0008	    	4.58
31	0.8789 	0.0014 	0.0048	0.0050	+0.0007	+0.0048	+0.0000	+0.0001	+0.0002	+0.0000	+0.0005	    	3.45
32	0.9709 	0.0014 	0.0024	0.0028	+0.0001	-0.0006	+0.0011	-0.0001	-0.0008	-0.0001	-0.0019	    	1.72
33	0.9528 	0.0030 	0.0016	0.0034	+0.0004	+0.0011	-0.0005	+0.0003	+0.0010	+0.0005	-0.0005	    	0.55
34	0.9364 	0.0024 	0.0014	0.0028	+0.0004	-0.0013	+0.0003	+0.0001	+0.0005	+0.0004	+0.0000	    	0.59
35	0.9038 	0.0129 	0.0112	0.0171	-0.0106	-0.0021	-0.0031	-0.0001	-0.0016	+0.0006	-0.0003	    	0.87
Average	error:	0.001217 (stat)	0.005949 (syst)	0.006341 (total)

TnP Configurations 
Event Selection(Data) : (probe_isTracker && tag_HLT_IsoMu24_v==1 && tag_pt > 26 && fabs(tag_eta) < 2.4 && (tag_pfIso04_charged + max(0, tag_pfIso04_neutral+tag_pfIso04_photon-(0.5*tag_pfIso04_sumPU)))/tag_pt < 0.2 && tag_isTight && 60 < pair_mass && pair_mass < 140 && pair_dR > 0.3 && pair_probeMultiplicity == 1) 
Event Selection(MC) : (probe_isTracker && tag_HLT_IsoMu24_v==1 && tag_pt > 26 && fabs(tag_eta) < 2.4 && (tag_pfIso04_charged + max(0, tag_pfIso04_neutral+tag_pfIso04_photon-(0.5*tag_pfIso04_sumPU)))/tag_pt < 0.2 && tag_isTight && 60 < pair_mass && pair_mass < 140 && pair_dR > 0.3 && pair_probeMultiplicity == 1) 
Passing Probe Condtion : probe_isMedium && probe_miniIso_rhoAll < 0.1 && probe_iso03_sumPt/probe_pt < 0.4 && ( (probe_3DIPerrVTX>0 && probe_3DIPVTX/probe_3DIPerrVTX<3) || probe_3DIPerrVTX==0) && abs(probe_dz) < 0.1 
Input file(Data) : ['/gv0/Users/choij/TnPTrees/muon/Run2018_UL/SingleMuon_2018.root'] 
Input file(MC) : ['/gv0/Users/choij/TnPTrees/muon/Run2018_UL/DYJetsToMuMu_M-50_massWgtFix_TuneCP5_13TeV-powhegMiNNLO-pythia8-photos.root'] 
Binnings : [{'var': 'fabs(probe_eta)', 'type': 'float', 'bins': [0.0, 0.9, 1.2, 2.1, 2.4], 'title': '|#eta_{SC}|'}, {'var': 'probe_pt', 'type': 'float', 'bins': [10.0, 15.0, 20.0, 25.0, 30.0, 40.0, 50.0, 60.0, 120.0, 200.0], 'title': 'p_{T}'}] 
