==== Data Efficiency Comparison ====
==== Binning Info ====
x-axis: [0.0, 0.9, 1.2, 2.1, 2.4]
y-axis: [15.0, 20.0, 25.0, 30.0, 40.0, 50.0, 60.0, 120.0]
[0.0, 15.0] 0.750, 0.734, 0.023
[0.0, 20.0] 0.807, 0.793, 0.018
[0.0, 25.0] 0.865, 0.851, 0.016
[0.0, 30.0] 0.929, 0.924, 0.006
[0.0, 40.0] 0.970, 0.967, 0.002
[0.0, 50.0] 0.979, 0.978, 0.001
[0.0, 60.0] 0.986, 0.985, 0.001
[0.9, 15.0] 0.756, 0.739, 0.023
[0.9, 20.0] 0.809, 0.792, 0.022
[0.9, 25.0] 0.857, 0.848, 0.011
[0.9, 30.0] 0.924, 0.917, 0.007
[0.9, 40.0] 0.968, 0.963, 0.005
[0.9, 50.0] 0.979, 0.976, 0.003
[0.9, 60.0] 0.986, 0.985, 0.001
[1.2, 15.0] 0.810, 0.806, 0.005
[1.2, 20.0] 0.858, 0.856, 0.003
[1.2, 25.0] 0.897, 0.900, -0.003
[1.2, 30.0] 0.944, 0.947, -0.002
[1.2, 40.0] 0.978, 0.978, 0.000
[1.2, 50.0] 0.985, 0.985, 0.000
[1.2, 60.0] 0.989, 0.989, 0.000
[2.1, 15.0] 0.823, 0.836, -0.015
[2.1, 20.0] 0.875, 0.886, -0.013
[2.1, 25.0] 0.914, 0.925, -0.012
[2.1, 30.0] 0.954, 0.960, -0.007
[2.1, 40.0] 0.979, 0.983, -0.004
[2.1, 50.0] 0.987, 0.989, -0.002
[2.1, 60.0] 0.991, 0.992, -0.001

==== MC Efficiency Comparison ====
==== Binning Info ====
x-axis: [0.0, 0.9, 1.2, 2.1, 2.4]
y-axis: [15.0, 20.0, 25.0, 30.0, 40.0, 50.0, 60.0, 120.0]
[0.0, 15.0] 0.751, 0.744, 0.009
[0.0, 20.0] 0.808, 0.800, 0.011
[0.0, 25.0] 0.867, 0.860, 0.008
[0.0, 30.0] 0.932, 0.929, 0.003
[0.0, 40.0] 0.971, 0.971, 0.000
[0.0, 50.0] 0.980, 0.981, -0.001
[0.0, 60.0] 0.986, 0.987, -0.001
[0.9, 15.0] 0.762, 0.762, 0.000
[0.9, 20.0] 0.815, 0.808, 0.008
[0.9, 25.0] 0.861, 0.860, 0.002
[0.9, 30.0] 0.929, 0.928, 0.001
[0.9, 40.0] 0.971, 0.971, -0.000
[0.9, 50.0] 0.981, 0.981, -0.000
[0.9, 60.0] 0.987, 0.988, -0.001
[1.2, 15.0] 0.805, 0.803, 0.002
[1.2, 20.0] 0.856, 0.855, 0.002
[1.2, 25.0] 0.897, 0.901, -0.004
[1.2, 30.0] 0.945, 0.947, -0.002
[1.2, 40.0] 0.978, 0.979, -0.000
[1.2, 50.0] 0.986, 0.986, -0.001
[1.2, 60.0] 0.990, 0.990, -0.000
[2.1, 15.0] 0.814, 0.815, -0.002
[2.1, 20.0] 0.867, 0.869, -0.002
[2.1, 25.0] 0.910, 0.914, -0.004
[2.1, 30.0] 0.952, 0.952, -0.001
[2.1, 40.0] 0.978, 0.979, -0.001
[2.1, 50.0] 0.986, 0.986, 0.000
[2.1, 60.0] 0.991, 0.989, 0.002
