==== Data Efficiency Comparison ====
==== Binning Info ====
x-axis: [0.0, 0.9, 1.2, 2.1, 2.4]
y-axis: [15.0, 20.0, 25.0, 30.0, 40.0, 50.0, 60.0, 120.0]
[0.0, 15.0] 0.763, 0.749, 0.018
[0.0, 20.0] 0.814, 0.805, 0.011
[0.0, 25.0] 0.869, 0.859, 0.012
[0.0, 30.0] 0.933, 0.931, 0.002
[0.0, 40.0] 0.972, 0.972, -0.000
[0.0, 50.0] 0.981, 0.981, 0.000
[0.0, 60.0] 0.987, 0.986, 0.001
[0.9, 15.0] 0.780, 0.766, 0.019
[0.9, 20.0] 0.830, 0.821, 0.012
[0.9, 25.0] 0.872, 0.873, -0.001
[0.9, 30.0] 0.936, 0.936, 0.000
[0.9, 40.0] 0.975, 0.975, 0.000
[0.9, 50.0] 0.983, 0.983, 0.000
[0.9, 60.0] 0.989, 0.988, 0.001
[1.2, 15.0] 0.830, 0.823, 0.008
[1.2, 20.0] 0.873, 0.870, 0.004
[1.2, 25.0] 0.910, 0.911, -0.001
[1.2, 30.0] 0.953, 0.954, -0.001
[1.2, 40.0] 0.982, 0.982, -0.000
[1.2, 50.0] 0.988, 0.988, -0.000
[1.2, 60.0] 0.992, 0.991, 0.001
[2.1, 15.0] 0.823, 0.824, -0.000
[2.1, 20.0] 0.878, 0.875, 0.003
[2.1, 25.0] 0.918, 0.920, -0.003
[2.1, 30.0] 0.955, 0.958, -0.003
[2.1, 40.0] 0.981, 0.984, -0.003
[2.1, 50.0] 0.988, 0.990, -0.002
[2.1, 60.0] 0.993, 0.993, 0.000

==== MC Efficiency Comparison ====
==== Binning Info ====
x-axis: [0.0, 0.9, 1.2, 2.1, 2.4]
y-axis: [15.0, 20.0, 25.0, 30.0, 40.0, 50.0, 60.0, 120.0]
[0.0, 15.0] 0.757, 0.761, -0.004
[0.0, 20.0] 0.815, 0.816, -0.001
[0.0, 25.0] 0.872, 0.871, 0.001
[0.0, 30.0] 0.936, 0.937, -0.001
[0.0, 40.0] 0.974, 0.976, -0.002
[0.0, 50.0] 0.982, 0.984, -0.002
[0.0, 60.0] 0.987, 0.988, -0.001
[0.9, 15.0] 0.769, 0.781, -0.015
[0.9, 20.0] 0.823, 0.831, -0.010
[0.9, 25.0] 0.870, 0.876, -0.007
[0.9, 30.0] 0.935, 0.939, -0.005
[0.9, 40.0] 0.975, 0.978, -0.003
[0.9, 50.0] 0.983, 0.986, -0.003
[0.9, 60.0] 0.988, 0.989, -0.001
[1.2, 15.0] 0.811, 0.826, -0.017
[1.2, 20.0] 0.862, 0.872, -0.012
[1.2, 25.0] 0.903, 0.910, -0.008
[1.2, 30.0] 0.949, 0.955, -0.005
[1.2, 40.0] 0.981, 0.984, -0.002
[1.2, 50.0] 0.988, 0.990, -0.002
[1.2, 60.0] 0.991, 0.992, -0.001
[2.1, 15.0] 0.797, 0.818, -0.026
[2.1, 20.0] 0.857, 0.872, -0.017
[2.1, 25.0] 0.905, 0.915, -0.011
[2.1, 30.0] 0.949, 0.958, -0.009
[2.1, 40.0] 0.978, 0.983, -0.005
[2.1, 50.0] 0.986, 0.990, -0.004
[2.1, 60.0] 0.993, 0.992, 0.000
