==== Data Efficiency Comparison ====
==== Binning Info ====
x-axis: [0.0, 0.9, 1.2, 2.1, 2.4]
y-axis: [15.0, 20.0, 25.0, 30.0, 40.0, 50.0, 60.0, 120.0]
[0.0, 15.0] 0.748, 0.735, 0.017
[0.0, 20.0] 0.795, 0.787, 0.010
[0.0, 25.0] 0.852, 0.845, 0.008
[0.0, 30.0] 0.927, 0.926, 0.001
[0.0, 40.0] 0.969, 0.969, -0.001
[0.0, 50.0] 0.979, 0.979, 0.000
[0.0, 60.0] 0.986, 0.986, 0.000
[0.9, 15.0] 0.761, 0.757, 0.006
[0.9, 20.0] 0.802, 0.793, 0.012
[0.9, 25.0] 0.848, 0.853, -0.005
[0.9, 30.0] 0.926, 0.929, -0.003
[0.9, 40.0] 0.969, 0.970, -0.000
[0.9, 50.0] 0.980, 0.981, -0.001
[0.9, 60.0] 0.987, 0.987, -0.000
[1.2, 15.0] 0.815, 0.812, 0.004
[1.2, 20.0] 0.856, 0.855, 0.000
[1.2, 25.0] 0.893, 0.898, -0.006
[1.2, 30.0] 0.947, 0.950, -0.003
[1.2, 40.0] 0.979, 0.980, -0.001
[1.2, 50.0] 0.987, 0.987, -0.001
[1.2, 60.0] 0.991, 0.990, 0.001
[2.1, 15.0] 0.841, 0.840, 0.001
[2.1, 20.0] 0.881, 0.884, -0.003
[2.1, 25.0] 0.921, 0.926, -0.006
[2.1, 30.0] 0.961, 0.963, -0.003
[2.1, 40.0] 0.984, 0.985, -0.001
[2.1, 50.0] 0.989, 0.991, -0.002
[2.1, 60.0] 0.994, 0.993, 0.002

==== MC Efficiency Comparison ====
==== Binning Info ====
x-axis: [0.0, 0.9, 1.2, 2.1, 2.4]
y-axis: [15.0, 20.0, 25.0, 30.0, 40.0, 50.0, 60.0, 120.0]
[0.0, 15.0] 0.747, 0.739, 0.011
[0.0, 20.0] 0.796, 0.786, 0.013
[0.0, 25.0] 0.856, 0.848, 0.009
[0.0, 30.0] 0.931, 0.929, 0.003
[0.0, 40.0] 0.971, 0.971, -0.000
[0.0, 50.0] 0.981, 0.981, -0.001
[0.0, 60.0] 0.986, 0.987, -0.001
[0.9, 15.0] 0.750, 0.743, 0.009
[0.9, 20.0] 0.795, 0.790, 0.007
[0.9, 25.0] 0.847, 0.846, 0.001
[0.9, 30.0] 0.927, 0.927, 0.000
[0.9, 40.0] 0.971, 0.970, 0.000
[0.9, 50.0] 0.981, 0.982, -0.001
[0.9, 60.0] 0.987, 0.987, -0.000
[1.2, 15.0] 0.793, 0.790, 0.004
[1.2, 20.0] 0.838, 0.836, 0.002
[1.2, 25.0] 0.883, 0.886, -0.003
[1.2, 30.0] 0.943, 0.944, -0.001
[1.2, 40.0] 0.977, 0.978, -0.000
[1.2, 50.0] 0.985, 0.986, -0.001
[1.2, 60.0] 0.990, 0.990, -0.000
[2.1, 15.0] 0.812, 0.816, -0.004
[2.1, 20.0] 0.861, 0.863, -0.003
[2.1, 25.0] 0.909, 0.912, -0.003
[2.1, 30.0] 0.955, 0.958, -0.003
[2.1, 40.0] 0.981, 0.982, -0.001
[2.1, 50.0] 0.989, 0.990, -0.002
[2.1, 60.0] 0.992, 0.992, -0.000
