==== Data Efficiency Comparison ====
==== Binning Info ====
x-axis: [0.0, 0.9, 1.2, 2.1, 2.4]
y-axis: [15.0, 20.0, 25.0, 30.0, 40.0, 50.0, 60.0, 120.0]
[0.0, 15.0] 0.756, 0.741, 0.020
[0.0, 20.0] 0.811, 0.802, 0.011
[0.0, 25.0] 0.864, 0.859, 0.006
[0.0, 30.0] 0.931, 0.930, 0.001
[0.0, 40.0] 0.971, 0.971, -0.001
[0.0, 50.0] 0.980, 0.980, -0.000
[0.0, 60.0] 0.985, 0.986, -0.001
[0.9, 15.0] 0.774, 0.768, 0.008
[0.9, 20.0] 0.825, 0.818, 0.008
[0.9, 25.0] 0.872, 0.871, 0.002
[0.9, 30.0] 0.934, 0.935, -0.000
[0.9, 40.0] 0.974, 0.974, -0.000
[0.9, 50.0] 0.983, 0.984, -0.001
[0.9, 60.0] 0.988, 0.988, -0.001
[1.2, 15.0] 0.820, 0.809, 0.013
[1.2, 20.0] 0.866, 0.862, 0.004
[1.2, 25.0] 0.904, 0.904, 0.000
[1.2, 30.0] 0.950, 0.950, -0.001
[1.2, 40.0] 0.981, 0.982, -0.001
[1.2, 50.0] 0.987, 0.987, -0.000
[1.2, 60.0] 0.991, 0.990, 0.000
[2.1, 15.0] 0.805, 0.800, 0.007
[2.1, 20.0] 0.861, 0.857, 0.005
[2.1, 25.0] 0.904, 0.904, 0.001
[2.1, 30.0] 0.951, 0.952, -0.001
[2.1, 40.0] 0.979, 0.980, -0.002
[2.1, 50.0] 0.987, 0.988, -0.002
[2.1, 60.0] 0.991, 0.993, -0.001

==== MC Efficiency Comparison ====
==== Binning Info ====
x-axis: [0.0, 0.9, 1.2, 2.1, 2.4]
y-axis: [15.0, 20.0, 25.0, 30.0, 40.0, 50.0, 60.0, 120.0]
[0.0, 15.0] 0.753, 0.749, 0.005
[0.0, 20.0] 0.810, 0.806, 0.006
[0.0, 25.0] 0.869, 0.866, 0.003
[0.0, 30.0] 0.934, 0.934, 0.000
[0.0, 40.0] 0.973, 0.974, -0.001
[0.0, 50.0] 0.981, 0.983, -0.002
[0.0, 60.0] 0.986, 0.987, -0.001
[0.9, 15.0] 0.763, 0.766, -0.004
[0.9, 20.0] 0.820, 0.818, 0.002
[0.9, 25.0] 0.868, 0.868, -0.000
[0.9, 30.0] 0.933, 0.934, -0.001
[0.9, 40.0] 0.974, 0.976, -0.002
[0.9, 50.0] 0.982, 0.984, -0.002
[0.9, 60.0] 0.988, 0.988, -0.001
[1.2, 15.0] 0.803, 0.807, -0.004
[1.2, 20.0] 0.856, 0.856, -0.000
[1.2, 25.0] 0.899, 0.900, -0.001
[1.2, 30.0] 0.947, 0.949, -0.002
[1.2, 40.0] 0.980, 0.982, -0.002
[1.2, 50.0] 0.987, 0.988, -0.002
[1.2, 60.0] 0.990, 0.991, -0.000
[2.1, 15.0] 0.777, 0.789, -0.015
[2.1, 20.0] 0.842, 0.847, -0.006
[2.1, 25.0] 0.895, 0.900, -0.006
[2.1, 30.0] 0.942, 0.949, -0.007
[2.1, 40.0] 0.975, 0.979, -0.005
[2.1, 50.0] 0.984, 0.987, -0.003
[2.1, 60.0] 0.992, 0.992, 0.000
