==== Data Efficiency Comparison ====
==== Binning Info ====
x-axis: [0.0, 0.9, 1.2, 2.1, 2.4]
y-axis: [15.0, 20.0, 25.0, 30.0, 40.0, 50.0, 60.0, 120.0]
eff_private	eff_official	diff
[0.0, 15.0] 0.9912, 0.9920, -0.0008
[0.0, 20.0] 0.9898, 0.9913, -0.0015
[0.0, 25.0] 0.9900, 0.9917, -0.0017
[0.0, 30.0] 0.9905, 0.9916, -0.0011
[0.0, 40.0] 0.9904, 0.9916, -0.0012
[0.0, 50.0] 0.9899, 0.9905, -0.0006
[0.0, 60.0] 0.9893, 0.9897, -0.0004
[0.9, 15.0] 0.9895, 0.9880, 0.0015
[0.9, 20.0] 0.9882, 0.9886, -0.0004
[0.9, 25.0] 0.9891, 0.9909, -0.0018
[0.9, 30.0] 0.9905, 0.9910, -0.0005
[0.9, 40.0] 0.9906, 0.9914, -0.0008
[0.9, 50.0] 0.9907, 0.9913, -0.0006
[0.9, 60.0] 0.9900, 0.9903, -0.0003
[1.2, 15.0] 0.9915, 0.9910, 0.0005
[1.2, 20.0] 0.9902, 0.9909, -0.0007
[1.2, 25.0] 0.9907, 0.9921, -0.0014
[1.2, 30.0] 0.9914, 0.9924, -0.0010
[1.2, 40.0] 0.9923, 0.9935, -0.0012
[1.2, 50.0] 0.9924, 0.9934, -0.0010
[1.2, 60.0] 0.9936, 0.9937, -0.0001
[2.1, 15.0] 0.9646, 0.9638, 0.0008
[2.1, 20.0] 0.9605, 0.9595, 0.0010
[2.1, 25.0] 0.9608, 0.9601, 0.0008
[2.1, 30.0] 0.9621, 0.9634, -0.0014
[2.1, 40.0] 0.9622, 0.9634, -0.0012
[2.1, 50.0] 0.9612, 0.9639, -0.0028
[2.1, 60.0] 0.9652, 0.9606, 0.0048

==== MC Efficiency Comparison ====
==== Binning Info ====
x-axis: [0.0, 0.9, 1.2, 2.1, 2.4]
y-axis: [15.0, 20.0, 25.0, 30.0, 40.0, 50.0, 60.0, 120.0]
eff_private	eff_official	diff
[0.0, 15.0] 0.9898, 0.9920, -0.0023
[0.0, 20.0] 0.9886, 0.9923, -0.0037
[0.0, 25.0] 0.9886, 0.9922, -0.0036
[0.0, 30.0] 0.9895, 0.9923, -0.0029
[0.0, 40.0] 0.9894, 0.9924, -0.0030
[0.0, 50.0] 0.9886, 0.9917, -0.0032
[0.0, 60.0] 0.9879, 0.9908, -0.0030
[0.9, 15.0] 0.9926, 0.9944, -0.0018
[0.9, 20.0] 0.9921, 0.9940, -0.0019
[0.9, 25.0] 0.9926, 0.9946, -0.0020
[0.9, 30.0] 0.9936, 0.9954, -0.0018
[0.9, 40.0] 0.9941, 0.9955, -0.0014
[0.9, 50.0] 0.9933, 0.9953, -0.0020
[0.9, 60.0] 0.9931, 0.9947, -0.0016
[1.2, 15.0] 0.9939, 0.9957, -0.0018
[1.2, 20.0] 0.9932, 0.9952, -0.0020
[1.2, 25.0] 0.9935, 0.9957, -0.0022
[1.2, 30.0] 0.9938, 0.9960, -0.0022
[1.2, 40.0] 0.9944, 0.9964, -0.0020
[1.2, 50.0] 0.9946, 0.9966, -0.0020
[1.2, 60.0] 0.9958, 0.9969, -0.0011
[2.1, 15.0] 0.9781, 0.9849, -0.0069
[2.1, 20.0] 0.9756, 0.9822, -0.0067
[2.1, 25.0] 0.9773, 0.9825, -0.0053
[2.1, 30.0] 0.9783, 0.9845, -0.0063
[2.1, 40.0] 0.9795, 0.9856, -0.0062
[2.1, 50.0] 0.9792, 0.9851, -0.0060
[2.1, 60.0] 0.9828, 0.9843, -0.0015
