ibin	Central	Staterr	Systerr	Totalerr  [MassRange]	[MassBin]	[TagIso]	[AltSig]   Syst/Stat
0	0.8125 	0.0007 	0.0127	0.0127	+0.0114	-0.0126	-0.0011	-0.0001	+0.0000	-0.0002	-0.0004	    	18.08
1	0.8189 	0.0016 	0.0101	0.0102	+0.0083	-0.0092	-0.0019	-0.0036	-0.0010	-0.0001	-0.0017	    	6.30
2	0.8068 	0.0007 	0.0071	0.0071	+0.0043	-0.0066	-0.0002	-0.0001	+0.0001	-0.0001	-0.0025	    	10.09
3	0.7521 	0.0013 	0.0053	0.0055	+0.0016	-0.0020	-0.0002	-0.0005	+0.0003	+0.0004	-0.0049	    	4.10
4	0.8505 	0.0003 	0.0199	0.0199	+0.0141	-0.0198	+0.0004	-0.0003	-0.0016	-0.0003	+0.0000	    	66.23
5	0.8545 	0.0009 	0.0137	0.0137	+0.0114	-0.0137	-0.0003	-0.0001	+0.0003	+0.0000	-0.0005	    	15.24
6	0.8370 	0.0005 	0.0102	0.0102	+0.0075	-0.0102	-0.0002	-0.0003	+0.0000	-0.0003	-0.0004	    	20.43
7	0.7822 	0.0009 	0.0086	0.0086	+0.0023	-0.0084	+0.0012	-0.0003	+0.0002	-0.0003	-0.0011	    	9.51
8	0.8780 	0.0002 	0.0144	0.0144	+0.0129	-0.0144	+0.0001	-0.0002	-0.0004	-0.0002	+0.0000	    	72.03
9	0.8751 	0.0006 	0.0155	0.0155	+0.0136	-0.0154	-0.0007	-0.0003	-0.0011	-0.0002	-0.0001	    	25.76
10	0.8617 	0.0003 	0.0112	0.0112	+0.0090	-0.0112	-0.0001	-0.0003	-0.0003	-0.0003	-0.0006	    	37.41
11	0.8075 	0.0005 	0.0079	0.0079	+0.0042	-0.0078	-0.0005	-0.0002	+0.0000	-0.0013	-0.0004	    	15.87
12	0.9081 	0.0001 	0.0089	0.0089	+0.0089	-0.0036	+0.0000	-0.0001	-0.0002	-0.0001	+0.0000	    	89.03
13	0.8957 	0.0002 	0.0108	0.0108	+0.0108	-0.0046	+0.0003	-0.0002	-0.0006	+0.0000	+0.0000	    	54.10
14	0.8859 	0.0002 	0.0084	0.0084	+0.0084	-0.0044	+0.0000	-0.0002	-0.0003	-0.0002	-0.0003	    	42.07
15	0.8354 	0.0002 	0.0048	0.0048	+0.0048	-0.0035	+0.0001	-0.0002	+0.0002	-0.0003	-0.0002	    	24.09
16	0.9450 	0.0001 	0.0014	0.0014	+0.0014	-0.0002	+0.0001	+0.0001	+0.0002	+0.0000	+0.0001	    	14.21
17	0.9320 	0.0001 	0.0014	0.0014	+0.0014	-0.0002	+0.0001	+0.0000	+0.0001	+0.0000	+0.0000	    	14.07
18	0.9167 	0.0001 	0.0013	0.0013	+0.0013	-0.0003	+0.0000	+0.0000	+0.0001	+0.0000	+0.0001	    	13.08
19	0.8631 	0.0005 	0.0013	0.0014	+0.0012	-0.0005	+0.0001	-0.0001	+0.0002	-0.0001	-0.0005	    	2.64
20	0.9668 	0.0001 	0.0002	0.0003	+0.0001	-0.0001	-0.0001	-0.0001	+0.0002	-0.0001	+0.0000	    	2.45
21	0.9596 	0.0001 	0.0005	0.0005	+0.0002	-0.0001	+0.0000	+0.0001	+0.0004	-0.0001	+0.0000	    	4.58
22	0.9417 	0.0003 	0.0003	0.0004	+0.0001	+0.0000	+0.0000	-0.0001	+0.0002	-0.0002	-0.0001	    	0.88
23	0.8858 	0.0002 	0.0003	0.0003	+0.0001	-0.0002	-0.0001	-0.0001	+0.0001	-0.0001	-0.0001	    	1.32
24	0.9701 	0.0001 	0.0002	0.0003	+0.0002	-0.0001	-0.0001	-0.0001	+0.0001	-0.0001	+0.0000	    	2.45
25	0.9629 	0.0011 	0.0006	0.0012	+0.0002	-0.0005	+0.0002	-0.0001	+0.0000	-0.0002	+0.0000	    	0.52
26	0.9469 	0.0001 	0.0015	0.0015	+0.0002	-0.0001	+0.0000	-0.0001	+0.0001	-0.0001	-0.0015	    	15.20
27	0.8938 	0.0004 	0.0053	0.0053	+0.0035	+0.0030	-0.0003	+0.0028	+0.0028	+0.0000	+0.0002	    	13.22
28	0.9702 	0.0001 	0.0047	0.0047	+0.0025	+0.0020	+0.0023	+0.0000	+0.0001	+0.0024	+0.0022	    	47.05
29	0.9644 	0.0003 	0.0007	0.0007	+0.0004	-0.0004	+0.0002	+0.0002	+0.0004	+0.0001	+0.0003	    	2.24
30	0.9494 	0.0002 	0.0010	0.0011	+0.0000	-0.0009	-0.0001	-0.0001	+0.0000	-0.0005	+0.0000	    	5.17
31	0.8983 	0.0007 	0.0084	0.0084	+0.0063	-0.0013	+0.0055	+0.0000	+0.0003	+0.0000	+0.0002	    	11.96
32	0.9745 	0.0009 	0.0011	0.0014	-0.0001	-0.0001	+0.0010	+0.0000	-0.0004	+0.0002	+0.0000	    	1.20
33	0.9634 	0.0019 	0.0010	0.0021	+0.0001	-0.0006	+0.0003	+0.0002	+0.0007	+0.0004	-0.0002	    	0.52
34	0.9502 	0.0016 	0.0021	0.0026	-0.0017	-0.0019	+0.0001	-0.0001	+0.0002	-0.0001	-0.0008	    	1.30
35	0.9253 	0.0077 	0.0070	0.0104	-0.0001	-0.0024	-0.0020	+0.0002	+0.0003	+0.0004	+0.0063	    	0.91
Average	error:	0.000717 (stat)	0.005826 (syst)	0.006022 (total)

TnP Configurations 
Event Selection(Data) : (probe_isTracker && tag_HLT_IsoMu24_v==1 && tag_pt > 26 && fabs(tag_eta) < 2.4 && (tag_pfIso04_charged + max(0, tag_pfIso04_neutral+tag_pfIso04_photon-(0.5*tag_pfIso04_sumPU)))/tag_pt < 0.2 && tag_isTight && 60 < pair_mass && pair_mass < 140 && pair_dR > 0.3 && pair_probeMultiplicity == 1) 
Event Selection(MC) : (probe_isTracker && tag_HLT_IsoMu24_v==1 && tag_pt > 26 && fabs(tag_eta) < 2.4 && (tag_pfIso04_charged + max(0, tag_pfIso04_neutral+tag_pfIso04_photon-(0.5*tag_pfIso04_sumPU)))/tag_pt < 0.2 && tag_isTight && 60 < pair_mass && pair_mass < 140 && pair_dR > 0.3 && pair_probeMultiplicity == 1) 
Passing Probe Condtion : probe_isMedium && probe_miniIso_rhoAll < 0.1 && probe_iso03_sumPt/probe_pt < 0.4 && ( (probe_3DIPerrVTX>0 && probe_3DIPVTX/probe_3DIPerrVTX<3) || probe_3DIPerrVTX==0) && abs(probe_dz) < 0.1 
Input file(Data) : ['/gv0/Users/choij/TnPTrees/v220707/muon/Run2018_UL/SingleMuon_2018.root'] 
Input file(MC) : ['/gv0/Users/choij/TnPTrees/v220707/muon/Run2018_UL/DYJetsToMuMu_M-50_massWgtFix_TuneCP5_13TeV-powhegMiNNLO-pythia8-photos.root'] 
Binnings : [{'var': 'fabs(probe_eta)', 'type': 'float', 'bins': [0.0, 0.9, 1.2, 2.1, 2.4], 'title': '|#eta_{SC}|'}, {'var': 'probe_pt', 'type': 'float', 'bins': [10.0, 15.0, 20.0, 25.0, 30.0, 40.0, 50.0, 60.0, 120.0, 200.0], 'title': 'p_{T}'}] 
