ibin	Central	Staterr	Systerr	Totalerr  [MassRange]	[MassBin]	[TagIso]	[AltSig]   Syst/Stat
0	0.0001 	0.0000 	0.0000	0.0000	+0.0000	+0.0000	+0.0000	+0.0000	+0.0000	+0.0000	+0.0000	    
1	0.0006 	0.0000 	0.0000	0.0000	+0.0000	+0.0000	+0.0000	+0.0000	+0.0000	+0.0000	+0.0000	    
2	0.0003 	0.0000 	0.0000	0.0000	+0.0000	+0.0000	+0.0000	+0.0000	+0.0000	+0.0000	+0.0000	    
3	0.0012 	0.0000 	0.0002	0.0002	+0.0000	+0.0001	-0.0001	+0.0000	+0.0000	+0.0000	+0.0001	    
4	0.0009 	0.0000 	0.0000	0.0000	+0.0000	+0.0000	+0.0000	+0.0000	+0.0000	+0.0000	+0.0000	    
5	0.0031 	0.0000 	0.0002	0.0002	+0.0001	+0.0000	-0.0001	+0.0000	-0.0001	+0.0000	+0.0000	    
6	0.0043 	0.0000 	0.0002	0.0002	-0.0001	+0.0001	+0.0000	+0.0000	+0.0001	+0.0001	+0.0002	    
7	0.0142 	0.0000 	0.0007	0.0007	-0.0006	+0.0002	+0.0003	+0.0000	+0.0002	+0.0001	+0.0001	    
8	0.5380 	0.0000 	0.0033	0.0033	-0.0023	-0.0001	+0.0000	-0.0003	-0.0004	-0.0001	-0.0023	    
9	0.5366 	0.0000 	0.0026	0.0026	-0.0007	-0.0005	-0.0011	-0.0017	+0.0008	-0.0016	-0.0009	    
10	0.5266 	0.0000 	0.0023	0.0023	-0.0004	+0.0001	-0.0001	+0.0003	+0.0001	-0.0003	+0.0022	    
11	0.5119 	0.0000 	0.0029	0.0029	+0.0009	+0.0004	+0.0027	+0.0001	+0.0002	+0.0002	+0.0001	    
12	0.9587 	0.0000 	0.0004	0.0004	-0.0004	+0.0000	+0.0000	+0.0000	+0.0000	-0.0001	+0.0000	    
13	0.9828 	0.0000 	0.0004	0.0004	-0.0002	+0.0000	+0.0003	-0.0001	-0.0001	-0.0001	-0.0001	    
14	0.9603 	0.0000 	0.0005	0.0005	+0.0002	+0.0001	+0.0001	-0.0002	+0.0003	-0.0002	+0.0002	    
15	0.9295 	0.0000 	0.0012	0.0012	-0.0002	-0.0008	+0.0007	+0.0000	+0.0000	-0.0005	-0.0002	    
16	0.9611 	0.0000 	0.0004	0.0004	-0.0003	+0.0000	+0.0003	+0.0000	+0.0000	-0.0001	+0.0000	    
17	0.9848 	0.0000 	0.0003	0.0003	+0.0000	-0.0001	+0.0003	+0.0000	+0.0000	+0.0000	+0.0000	    
18	0.9635 	0.0000 	0.0009	0.0009	-0.0004	-0.0003	-0.0006	-0.0002	-0.0002	-0.0003	-0.0004	    
19	0.9425 	0.0000 	0.0007	0.0007	+0.0003	+0.0003	+0.0006	-0.0001	+0.0000	-0.0001	-0.0001	    
20	0.9618 	0.0000 	0.0005	0.0005	-0.0002	-0.0001	-0.0002	-0.0002	-0.0002	-0.0003	-0.0002	    
21	0.9851 	0.0000 	0.0002	0.0002	-0.0001	-0.0001	+0.0000	+0.0000	-0.0001	-0.0001	-0.0001	    
22	0.9647 	0.0000 	0.0005	0.0005	+0.0000	+0.0000	+0.0005	+0.0003	+0.0001	-0.0001	+0.0002	    
23	0.9492 	0.0000 	0.0005	0.0005	+0.0005	+0.0000	+0.0001	+0.0001	+0.0000	+0.0000	+0.0000	    
24	0.9612 	0.0000 	0.0002	0.0002	+0.0001	+0.0001	+0.0001	+0.0001	+0.0001	+0.0000	+0.0001	    
25	0.9853 	0.0000 	0.0001	0.0001	+0.0000	+0.0000	-0.0001	+0.0000	+0.0000	+0.0000	-0.0001	    
26	0.9659 	0.0000 	0.0005	0.0005	+0.0002	+0.0002	+0.0003	+0.0001	+0.0003	+0.0002	+0.0002	    
27	0.9516 	0.0000 	0.0007	0.0007	-0.0002	-0.0004	-0.0001	+0.0000	+0.0001	-0.0001	-0.0005	    
28	0.9601 	0.0000 	0.0002	0.0002	+0.0001	+0.0001	+0.0000	+0.0001	+0.0001	+0.0000	+0.0001	    
29	0.9854 	0.0000 	0.0000	0.0000	+0.0000	+0.0000	+0.0000	+0.0000	+0.0000	+0.0000	+0.0000	    
30	0.9669 	0.0000 	0.0001	0.0001	+0.0000	+0.0000	+0.0000	+0.0000	+0.0001	+0.0000	+0.0000	    
31	0.9539 	0.0000 	0.0002	0.0002	+0.0001	-0.0001	+0.0000	+0.0000	+0.0001	-0.0002	+0.0000	    
32	0.9584 	0.0000 	0.0002	0.0002	-0.0001	+0.0000	+0.0001	-0.0001	-0.0001	+0.0000	-0.0001	    
33	0.9851 	0.0000 	0.0001	0.0001	+0.0000	+0.0001	+0.0000	+0.0001	+0.0000	+0.0000	+0.0000	    
34	0.9671 	0.0000 	0.0000	0.0000	+0.0000	+0.0000	+0.0000	+0.0000	+0.0000	+0.0000	+0.0000	    
35	0.9529 	0.0000 	0.0004	0.0004	+0.0003	-0.0001	-0.0001	+0.0000	+0.0002	-0.0001	+0.0001	    
36	0.9528 	0.0000 	0.0002	0.0002	+0.0000	+0.0001	+0.0001	+0.0000	+0.0000	-0.0002	+0.0000	    
37	0.9838 	0.0000 	0.0002	0.0002	-0.0001	-0.0002	+0.0000	+0.0001	+0.0000	+0.0000	-0.0001	    
38	0.9667 	0.0000 	0.0005	0.0005	-0.0001	-0.0002	+0.0004	+0.0000	+0.0000	-0.0001	+0.0000	    
39	0.9563 	0.0000 	0.0021	0.0021	+0.0018	-0.0003	-0.0004	-0.0001	-0.0002	+0.0002	-0.0009	    
Average	error:	0.000000 (stat)	0.000614 (syst)	0.000614 (total)

TnP Configurations 
Event Selection(Data) : ( (probe_isMedium && probe_miniIso_rhoAll < 0.1 && probe_iso03_sumPt/probe_pt < 0.4 && ( (probe_3DIPerrVTX > 0 && probe_3DIPVTX/probe_3DIPerrVTX < 3) || probe_3DIPerrVTX == 0) ) && tag_isTight && tag_HLT_IsoMu24_v==1 && tag_pt > 26 && fabs(tag_eta) < 2.4 && (tag_pfIso04_charged + max(0, tag_pfIso04_neutral+tag_pfIso04_photon-(0.5*tag_pfIso04_sumPU)))/tag_pt < 0.15 && 60 < pair_mass && pair_mass < 140 && pair_dR > 0.3) 
Event Selection(MC) : ( (probe_isMedium && probe_miniIso_rhoAll < 0.1 && probe_iso03_sumPt/probe_pt < 0.4 && ( (probe_3DIPerrVTX > 0 && probe_3DIPVTX/probe_3DIPerrVTX < 3) || probe_3DIPerrVTX == 0) ) && tag_isTight && tag_HLT_IsoMu24_v==1 && tag_pt > 26 && fabs(tag_eta) < 2.4 && (tag_pfIso04_charged + max(0, tag_pfIso04_neutral+tag_pfIso04_photon-(0.5*tag_pfIso04_sumPU)))/tag_pt < 0.15 && 60 < pair_mass && pair_mass < 140 && pair_dR > 0.3)*(genWeight) 
Passing Probe Condtion : (probe_isMedium && probe_miniIso_rhoAll < 0.1 && probe_iso03_sumPt/probe_pt < 0.4 && ( (probe_3DIPerrVTX > 0 && probe_3DIPVTX/probe_3DIPerrVTX < 3) || probe_3DIPerrVTX == 0) ) && ( (probe_hltL3fL1sDoubleMu114L1f0L2f10OneMuL3Filtered17_dr<0.3 && probe_hltDiMuonGlb17Glb8RelTrkIsoFiltered0p4_dr<0.3) || (probe_hltL3fL1sDoubleMu114L1f0L2f10L3Filtered17_dr<0.3 && probe_hltDiMuonGlb17Trk8RelTrkIsoFiltered0p4_dr<0.3) || (probe_hltL3fL1sDoubleMu114TkFiltered17Q_dr<0.3 && probe_hltDiMuonTrk17Trk8RelTrkIsoFiltered0p4_dr<0.3) ) 
Input file(Data) : ['/gv0/Users/choij/TnPTrees/v220707/muon/Run2016_UL_HIPM/SingleMuon_2016a.root'] 
Input file(MC) : ['/gv0/Users/choij/TnPTrees/v220707/muon/Run2016_UL_HIPM/DYJetsToMuMu_M-50_TuneCP5_13TeV-powhegMiNNLO-pythia8-photos.root'] 
Binnings : [{'var': 'fabs(probe_eta)', 'type': 'float', 'bins': [0.0, 0.9, 1.2, 2.1, 2.4], 'title': '|#eta_{SC}|'}, {'var': 'probe_pt', 'type': 'float', 'bins': [10.0, 14.0, 16.0, 18.0, 20.0, 25.0, 30.0, 40.0, 50.0, 100.0, 200.0], 'title': 'p_{T}'}] 
