ibin	Central	Staterr	Systerr	Totalerr  [MassRange]	[MassBin]	[TagIso]	[AltSig]   Syst/Stat
0	0.0002 	0.0001 	0.0001	0.0002	+0.0000	+0.0000	-0.0001	+0.0000	+0.0000	-0.0001	+0.0000	    	1.41
1	0.0014 	0.0003 	0.0001	0.0003	+0.0000	+0.0001	+0.0000	+0.0000	+0.0000	+0.0000	+0.0000	    	0.33
2	0.0007 	0.0001 	0.0001	0.0002	+0.0000	+0.0000	-0.0001	+0.0000	-0.0001	+0.0000	+0.0000	    	1.41
3	0.0020 	0.0004 	0.0001	0.0004	+0.0000	+0.0001	-0.0001	+0.0001	+0.0000	+0.0000	+0.0000	    	0.35
4	0.0005 	0.0001 	0.0002	0.0002	+0.0001	+0.0001	+0.0000	+0.0000	+0.0001	+0.0000	+0.0001	    	1.73
5	0.0047 	0.0006 	0.0003	0.0007	-0.0001	+0.0000	-0.0001	+0.0000	-0.0002	+0.0000	+0.0001	    	0.44
6	0.0069 	0.0005 	0.0004	0.0006	-0.0002	+0.0002	-0.0002	+0.0000	-0.0001	+0.0000	+0.0002	    	0.72
7	0.0216 	0.0014 	0.0007	0.0016	-0.0003	-0.0005	+0.0001	+0.0000	+0.0005	+0.0003	-0.0001	    	0.52
8	0.4826 	0.0023 	0.0044	0.0050	+0.0005	-0.0005	+0.0001	+0.0044	+0.0002	+0.0002	-0.0003	    	1.93
9	0.4834 	0.0040 	0.0052	0.0065	-0.0015	-0.0010	+0.0011	+0.0033	+0.0001	-0.0008	+0.0036	    	1.29
10	0.4542 	0.0022 	0.0081	0.0084	+0.0044	+0.0038	+0.0000	+0.0040	+0.0040	+0.0039	+0.0038	    	3.69
11	0.3536 	0.0042 	0.0120	0.0127	+0.0076	+0.0057	+0.0051	+0.0042	+0.0062	+0.0060	+0.0046	    	2.85
12	0.9035 	0.0012 	0.0006	0.0014	+0.0005	+0.0001	-0.0002	+0.0000	+0.0000	-0.0001	-0.0003	    	0.52
13	0.9187 	0.0017 	0.0051	0.0054	+0.0022	+0.0014	+0.0028	+0.0000	+0.0034	+0.0003	+0.0015	    	3.03
14	0.9044 	0.0012 	0.0011	0.0016	+0.0008	-0.0001	+0.0002	+0.0001	+0.0005	-0.0001	+0.0005	    	0.91
15	0.7551 	0.0035 	0.0034	0.0049	+0.0007	+0.0006	+0.0013	+0.0004	+0.0011	+0.0001	-0.0029	    	0.98
16	0.9065 	0.0005 	0.0011	0.0012	+0.0002	-0.0011	+0.0002	+0.0000	-0.0001	+0.0001	+0.0001	    	2.25
17	0.9336 	0.0011 	0.0011	0.0015	+0.0002	-0.0006	-0.0002	+0.0000	-0.0002	-0.0003	+0.0008	    	0.97
18	0.9225 	0.0005 	0.0026	0.0026	+0.0013	+0.0009	+0.0000	+0.0009	+0.0002	+0.0000	+0.0020	    	5.11
19	0.8071 	0.0017 	0.0026	0.0031	+0.0017	+0.0003	+0.0019	+0.0000	+0.0001	-0.0001	-0.0003	    	1.51
20	0.9073 	0.0004 	0.0004	0.0006	+0.0003	-0.0001	+0.0003	+0.0000	+0.0001	-0.0001	+0.0000	    	1.09
21	0.9372 	0.0006 	0.0011	0.0012	-0.0006	-0.0005	+0.0001	+0.0001	+0.0001	+0.0001	-0.0009	    	1.82
22	0.9309 	0.0004 	0.0014	0.0014	-0.0002	+0.0000	+0.0004	+0.0000	+0.0000	+0.0000	-0.0013	    	3.44
23	0.8404 	0.0011 	0.0005	0.0012	+0.0001	-0.0002	+0.0003	+0.0000	-0.0002	+0.0001	+0.0003	    	0.46
24	0.9061 	0.0002 	0.0008	0.0008	+0.0000	+0.0000	-0.0005	-0.0004	-0.0004	-0.0006	+0.0000	    	3.91
25	0.9360 	0.0003 	0.0007	0.0007	+0.0005	+0.0004	+0.0000	+0.0000	+0.0000	+0.0003	+0.0003	    	2.19
26	0.9324 	0.0002 	0.0013	0.0013	+0.0006	+0.0005	+0.0006	+0.0001	+0.0002	+0.0000	+0.0010	    	6.63
27	0.8664 	0.0005 	0.0021	0.0022	-0.0006	-0.0014	-0.0002	-0.0001	+0.0001	-0.0001	-0.0016	    	4.28
28	0.9068 	0.0002 	0.0001	0.0002	+0.0000	+0.0000	+0.0000	+0.0000	+0.0000	-0.0001	+0.0000	    	0.50
29	0.9363 	0.0002 	0.0002	0.0003	-0.0001	+0.0000	+0.0001	+0.0001	+0.0001	+0.0000	+0.0000	    	0.87
30	0.9331 	0.0002 	0.0027	0.0027	-0.0027	-0.0001	-0.0001	+0.0000	+0.0000	-0.0001	+0.0000	    	13.52
31	0.8796 	0.0005 	0.0003	0.0006	+0.0002	+0.0001	+0.0001	+0.0001	+0.0001	-0.0001	+0.0001	    	0.53
32	0.9056 	0.0003 	0.0002	0.0004	+0.0001	+0.0000	+0.0002	+0.0000	+0.0001	-0.0001	+0.0000	    	0.82
33	0.9365 	0.0004 	0.0005	0.0006	-0.0004	+0.0000	-0.0002	+0.0000	-0.0001	+0.0000	+0.0000	    	1.15
34	0.9252 	0.0003 	0.0003	0.0004	-0.0002	-0.0001	-0.0001	+0.0000	+0.0000	-0.0002	+0.0000	    	1.00
35	0.8854 	0.0009 	0.0008	0.0012	+0.0006	+0.0003	-0.0001	+0.0001	-0.0001	-0.0001	+0.0005	    	0.88
36	0.8958 	0.0015 	0.0005	0.0016	+0.0002	+0.0002	+0.0003	+0.0000	+0.0000	+0.0000	-0.0003	    	0.31
37	0.9307 	0.0024 	0.0011	0.0026	+0.0003	+0.0001	+0.0010	+0.0001	-0.0004	+0.0000	+0.0001	    	0.47
38	0.8549 	0.0023 	0.0027	0.0035	-0.0003	-0.0003	+0.0017	+0.0001	-0.0007	-0.0001	-0.0019	    	1.16
39	0.8714 	0.0065 	0.0026	0.0070	+0.0006	-0.0018	-0.0016	-0.0001	-0.0007	+0.0002	-0.0007	    	0.40
Average	error:	0.001175 (stat)	0.001739 (syst)	0.002230 (total)

TnP Configurations 
Event Selection(Data) : ( (probe_isMedium && probe_miniIso_rhoAll < 0.1 && probe_iso03_sumPt/probe_pt < 0.4 && ( (probe_3DIPerrVTX > 0 && probe_3DIPVTX/probe_3DIPerrVTX < 3) || probe_3DIPerrVTX == 0) ) && tag_isTight && tag_HLT_IsoMu24_v==1 && tag_pt > 26 && fabs(tag_eta) < 2.4 && (tag_pfIso04_charged + max(0, tag_pfIso04_neutral+tag_pfIso04_photon-(0.5*tag_pfIso04_sumPU)))/tag_pt < 0.15 && 60 < pair_mass && pair_mass < 140 && pair_dR > 0.3) 
Event Selection(MC) : ( (probe_isMedium && probe_miniIso_rhoAll < 0.1 && probe_iso03_sumPt/probe_pt < 0.4 && ( (probe_3DIPerrVTX > 0 && probe_3DIPVTX/probe_3DIPerrVTX < 3) || probe_3DIPerrVTX == 0) ) && tag_isTight && tag_HLT_IsoMu24_v==1 && tag_pt > 26 && fabs(tag_eta) < 2.4 && (tag_pfIso04_charged + max(0, tag_pfIso04_neutral+tag_pfIso04_photon-(0.5*tag_pfIso04_sumPU)))/tag_pt < 0.15 && 60 < pair_mass && pair_mass < 140 && pair_dR > 0.3)*(genWeight) 
Passing Probe Condtion : (probe_isMedium && probe_miniIso_rhoAll < 0.1 && probe_iso03_sumPt/probe_pt < 0.4 && ( (probe_3DIPerrVTX > 0 && probe_3DIPVTX/probe_3DIPerrVTX < 3) || probe_3DIPerrVTX == 0) ) && ( (probe_hltL3fL1sDoubleMu114L1f0L2f10OneMuL3Filtered17_dr<0.3 && probe_hltDiMuonGlb17Glb8RelTrkIsoFiltered0p4_dr<0.3) || (probe_hltL3fL1sDoubleMu114L1f0L2f10L3Filtered17_dr<0.3 && probe_hltDiMuonGlb17Trk8RelTrkIsoFiltered0p4_dr<0.3) || (probe_hltL3fL1sDoubleMu114TkFiltered17Q_dr<0.3 && probe_hltDiMuonTrk17Trk8RelTrkIsoFiltered0p4_dr<0.3) ) 
Input file(Data) : ['/gv0/Users/choij/TnPTrees/v220707/muon/Run2016_UL_HIPM/SingleMuon_2016a.root'] 
Input file(MC) : ['/gv0/Users/choij/TnPTrees/v220707/muon/Run2016_UL_HIPM/DYJetsToMuMu_M-50_TuneCP5_13TeV-powhegMiNNLO-pythia8-photos.root'] 
Binnings : [{'var': 'fabs(probe_eta)', 'type': 'float', 'bins': [0.0, 0.9, 1.2, 2.1, 2.4], 'title': '|#eta_{SC}|'}, {'var': 'probe_pt', 'type': 'float', 'bins': [10.0, 14.0, 16.0, 18.0, 20.0, 25.0, 30.0, 40.0, 50.0, 100.0, 200.0], 'title': 'p_{T}'}] 
