==== Data Efficiency Comparison ====
==== Binning Info ====
x-axis: [0.0, 0.9, 1.2, 2.1, 2.4]
y-axis: [15.0, 20.0, 25.0, 30.0, 40.0, 50.0, 60.0, 120.0]
[0.0, 15.0] 0.728, 0.734, -0.007
[0.0, 20.0] 0.793, 0.793, 0.000
[0.0, 25.0] 0.852, 0.851, 0.001
[0.0, 30.0] 0.922, 0.924, -0.002
[0.0, 40.0] 0.965, 0.967, -0.003
[0.0, 50.0] 0.976, 0.978, -0.002
[0.0, 60.0] 0.982, 0.985, -0.004
[0.9, 15.0] 0.726, 0.739, -0.018
[0.9, 20.0] 0.784, 0.792, -0.009
[0.9, 25.0] 0.837, 0.848, -0.013
[0.9, 30.0] 0.912, 0.917, -0.006
[0.9, 40.0] 0.960, 0.963, -0.003
[0.9, 50.0] 0.973, 0.976, -0.003
[0.9, 60.0] 0.981, 0.985, -0.004
[1.2, 15.0] 0.792, 0.806, -0.018
[1.2, 20.0] 0.843, 0.856, -0.015
[1.2, 25.0] 0.886, 0.900, -0.016
[1.2, 30.0] 0.939, 0.947, -0.008
[1.2, 40.0] 0.975, 0.978, -0.003
[1.2, 50.0] 0.983, 0.985, -0.002
[1.2, 60.0] 0.986, 0.989, -0.003
[2.1, 15.0] 0.822, 0.836, -0.017
[2.1, 20.0] 0.875, 0.886, -0.013
[2.1, 25.0] 0.913, 0.925, -0.013
[2.1, 30.0] 0.953, 0.960, -0.007
[2.1, 40.0] 0.980, 0.983, -0.003
[2.1, 50.0] 0.987, 0.989, -0.002
[2.1, 60.0] 0.990, 0.992, -0.002

==== MC Efficiency Comparison ====
==== Binning Info ====
x-axis: [0.0, 0.9, 1.2, 2.1, 2.4]
y-axis: [15.0, 20.0, 25.0, 30.0, 40.0, 50.0, 60.0, 120.0]
[0.0, 15.0] 0.736, 0.744, -0.012
[0.0, 20.0] 0.802, 0.800, 0.003
[0.0, 25.0] 0.863, 0.860, 0.004
[0.0, 30.0] 0.929, 0.929, -0.000
[0.0, 40.0] 0.969, 0.971, -0.002
[0.0, 50.0] 0.978, 0.981, -0.003
[0.0, 60.0] 0.982, 0.987, -0.005
[0.9, 15.0] 0.745, 0.762, -0.022
[0.9, 20.0] 0.805, 0.808, -0.004
[0.9, 25.0] 0.857, 0.860, -0.003
[0.9, 30.0] 0.925, 0.928, -0.003
[0.9, 40.0] 0.969, 0.971, -0.002
[0.9, 50.0] 0.979, 0.981, -0.003
[0.9, 60.0] 0.983, 0.988, -0.005
[1.2, 15.0] 0.790, 0.803, -0.017
[1.2, 20.0] 0.845, 0.855, -0.011
[1.2, 25.0] 0.891, 0.901, -0.011
[1.2, 30.0] 0.942, 0.947, -0.006
[1.2, 40.0] 0.977, 0.979, -0.002
[1.2, 50.0] 0.984, 0.986, -0.003
[1.2, 60.0] 0.986, 0.990, -0.004
[2.1, 15.0] 0.807, 0.815, -0.011
[2.1, 20.0] 0.861, 0.869, -0.009
[2.1, 25.0] 0.905, 0.914, -0.010
[2.1, 30.0] 0.949, 0.952, -0.004
[2.1, 40.0] 0.977, 0.979, -0.003
[2.1, 50.0] 0.984, 0.986, -0.002
[2.1, 60.0] 0.988, 0.989, -0.001
