==== Data Efficiency Comparison ====
==== Binning Info ====
x-axis: [0.0, 0.9, 1.2, 2.1, 2.4]
y-axis: [15.0, 20.0, 25.0, 30.0, 40.0, 50.0, 60.0, 120.0]
eff_private	eff_official	diff
[0.0, 15.0] 0.9911, 0.9920, -0.0009
[0.0, 20.0] 0.9899, 0.9913, -0.0014
[0.0, 25.0] 0.9897, 0.9917, -0.0020
[0.0, 30.0] 0.9904, 0.9916, -0.0012
[0.0, 40.0] 0.9904, 0.9916, -0.0012
[0.0, 50.0] 0.9898, 0.9905, -0.0007
[0.0, 60.0] 0.9896, 0.9897, -0.0001
[0.9, 15.0] 0.9887, 0.9880, 0.0007
[0.9, 20.0] 0.9874, 0.9886, -0.0012
[0.9, 25.0] 0.9889, 0.9909, -0.0020
[0.9, 30.0] 0.9902, 0.9910, -0.0008
[0.9, 40.0] 0.9905, 0.9914, -0.0009
[0.9, 50.0] 0.9906, 0.9913, -0.0007
[0.9, 60.0] 0.9897, 0.9903, -0.0006
[1.2, 15.0] 0.9919, 0.9910, 0.0009
[1.2, 20.0] 0.9901, 0.9909, -0.0008
[1.2, 25.0] 0.9905, 0.9921, -0.0016
[1.2, 30.0] 0.9914, 0.9924, -0.0010
[1.2, 40.0] 0.9923, 0.9935, -0.0012
[1.2, 50.0] 0.9924, 0.9934, -0.0010
[1.2, 60.0] 0.9935, 0.9937, -0.0002
[2.1, 15.0] 0.9642, 0.9638, 0.0004
[2.1, 20.0] 0.9592, 0.9595, -0.0003
[2.1, 25.0] 0.9591, 0.9601, -0.0010
[2.1, 30.0] 0.9621, 0.9634, -0.0014
[2.1, 40.0] 0.9619, 0.9634, -0.0016
[2.1, 50.0] 0.9616, 0.9639, -0.0024
[2.1, 60.0] 0.9646, 0.9606, 0.0042

==== MC Efficiency Comparison ====
==== Binning Info ====
x-axis: [0.0, 0.9, 1.2, 2.1, 2.4]
y-axis: [15.0, 20.0, 25.0, 30.0, 40.0, 50.0, 60.0, 120.0]
eff_private	eff_official	diff
[0.0, 15.0] 0.9897, 0.9920, -0.0024
[0.0, 20.0] 0.9890, 0.9923, -0.0033
[0.0, 25.0] 0.9890, 0.9922, -0.0032
[0.0, 30.0] 0.9895, 0.9923, -0.0029
[0.0, 40.0] 0.9894, 0.9924, -0.0030
[0.0, 50.0] 0.9887, 0.9917, -0.0031
[0.0, 60.0] 0.9882, 0.9908, -0.0027
[0.9, 15.0] 0.9923, 0.9944, -0.0021
[0.9, 20.0] 0.9928, 0.9940, -0.0012
[0.9, 25.0] 0.9931, 0.9946, -0.0015
[0.9, 30.0] 0.9936, 0.9954, -0.0018
[0.9, 40.0] 0.9942, 0.9955, -0.0013
[0.9, 50.0] 0.9935, 0.9953, -0.0018
[0.9, 60.0] 0.9937, 0.9947, -0.0010
[1.2, 15.0] 0.9936, 0.9957, -0.0022
[1.2, 20.0] 0.9932, 0.9952, -0.0020
[1.2, 25.0] 0.9936, 0.9957, -0.0021
[1.2, 30.0] 0.9939, 0.9960, -0.0021
[1.2, 40.0] 0.9944, 0.9964, -0.0020
[1.2, 50.0] 0.9945, 0.9966, -0.0021
[1.2, 60.0] 0.9954, 0.9969, -0.0015
[2.1, 15.0] 0.9791, 0.9849, -0.0059
[2.1, 20.0] 0.9773, 0.9822, -0.0050
[2.1, 25.0] 0.9781, 0.9825, -0.0045
[2.1, 30.0] 0.9784, 0.9845, -0.0062
[2.1, 40.0] 0.9796, 0.9856, -0.0061
[2.1, 50.0] 0.9786, 0.9851, -0.0066
[2.1, 60.0] 0.9820, 0.9843, -0.0023
