==== Data Efficiency Comparison ====
==== Binning Info ====
x-axis: [0.0, 0.9, 1.2, 2.1, 2.4]
y-axis: [15.0, 20.0, 25.0, 30.0, 40.0, 50.0, 60.0, 120.0]
[0.0, 15.0] 0.7495, 0.7349, 0.0199
[0.0, 20.0] 0.7984, 0.7872, 0.0142
[0.0, 25.0] 0.8554, 0.8453, 0.0120
[0.0, 30.0] 0.9274, 0.9262, 0.0013
[0.0, 40.0] 0.9683, 0.9691, -0.0009
[0.0, 50.0] 0.9796, 0.9792, 0.0004
[0.0, 60.0] 0.9858, 0.9855, 0.0003
[0.9, 15.0] 0.7622, 0.7566, 0.0074
[0.9, 20.0] 0.8053, 0.7926, 0.0160
[0.9, 25.0] 0.8530, 0.8526, 0.0005
[0.9, 30.0] 0.9263, 0.9289, -0.0028
[0.9, 40.0] 0.9692, 0.9696, -0.0004
[0.9, 50.0] 0.9804, 0.9808, -0.0004
[0.9, 60.0] 0.9871, 0.9873, -0.0002
[1.2, 15.0] 0.8166, 0.8123, 0.0053
[1.2, 20.0] 0.8580, 0.8555, 0.0029
[1.2, 25.0] 0.8954, 0.8982, -0.0032
[1.2, 30.0] 0.9468, 0.9500, -0.0034
[1.2, 40.0] 0.9789, 0.9801, -0.0013
[1.2, 50.0] 0.9867, 0.9872, -0.0005
[1.2, 60.0] 0.9907, 0.9902, 0.0005
[2.1, 15.0] 0.8418, 0.8403, 0.0018
[2.1, 20.0] 0.8828, 0.8838, -0.0011
[2.1, 25.0] 0.9224, 0.9260, -0.0038
[2.1, 30.0] 0.9610, 0.9634, -0.0025
[2.1, 40.0] 0.9834, 0.9850, -0.0016
[2.1, 50.0] 0.9887, 0.9908, -0.0021
[2.1, 60.0] 0.9942, 0.9926, 0.0016

==== MC Efficiency Comparison ====
==== Binning Info ====
x-axis: [0.0, 0.9, 1.2, 2.1, 2.4]
y-axis: [15.0, 20.0, 25.0, 30.0, 40.0, 50.0, 60.0, 120.0]
[0.0, 15.0] 0.7485, 0.7387, 0.0132
[0.0, 20.0] 0.7977, 0.7859, 0.0150
[0.0, 25.0] 0.8547, 0.8477, 0.0083
[0.0, 30.0] 0.9293, 0.9287, 0.0007
[0.0, 40.0] 0.9705, 0.9713, -0.0008
[0.0, 50.0] 0.9804, 0.9813, -0.0009
[0.0, 60.0] 0.9861, 0.9869, -0.0008
[0.9, 15.0] 0.7505, 0.7429, 0.0102
[0.9, 20.0] 0.7964, 0.7896, 0.0087
[0.9, 25.0] 0.8470, 0.8462, 0.0010
[0.9, 30.0] 0.9252, 0.9270, -0.0020
[0.9, 40.0] 0.9698, 0.9703, -0.0005
[0.9, 50.0] 0.9804, 0.9820, -0.0016
[0.9, 60.0] 0.9867, 0.9870, -0.0003
[1.2, 15.0] 0.7936, 0.7899, 0.0047
[1.2, 20.0] 0.8382, 0.8361, 0.0025
[1.2, 25.0] 0.8824, 0.8859, -0.0039
[1.2, 30.0] 0.9408, 0.9439, -0.0033
[1.2, 40.0] 0.9767, 0.9777, -0.0010
[1.2, 50.0] 0.9852, 0.9861, -0.0009
[1.2, 60.0] 0.9896, 0.9897, -0.0001
[2.1, 15.0] 0.8124, 0.8158, -0.0042
[2.1, 20.0] 0.8609, 0.8630, -0.0024
[2.1, 25.0] 0.9063, 0.9117, -0.0059
[2.1, 30.0] 0.9534, 0.9576, -0.0044
[2.1, 40.0] 0.9807, 0.9823, -0.0017
[2.1, 50.0] 0.9882, 0.9903, -0.0021
[2.1, 60.0] 0.9919, 0.9921, -0.0002
