==== Data Efficiency Comparison ====
==== Binning Info ====
x-axis: [0.0, 0.9, 1.2, 2.1, 2.4]
y-axis: [15.0, 20.0, 25.0, 30.0, 40.0, 50.0, 60.0, 120.0]
[0.0, 15.0] 0.7655, 0.7495, 0.0214
[0.0, 20.0] 0.8166, 0.8052, 0.0141
[0.0, 25.0] 0.8706, 0.8590, 0.0136
[0.0, 30.0] 0.9329, 0.9306, 0.0024
[0.0, 40.0] 0.9719, 0.9721, -0.0002
[0.0, 50.0] 0.9816, 0.9809, 0.0007
[0.0, 60.0] 0.9870, 0.9864, 0.0006
[0.9, 15.0] 0.7819, 0.7657, 0.0212
[0.9, 20.0] 0.8326, 0.8207, 0.0145
[0.9, 25.0] 0.8747, 0.8727, 0.0022
[0.9, 30.0] 0.9358, 0.9357, 0.0001
[0.9, 40.0] 0.9747, 0.9747, 0.0000
[0.9, 50.0] 0.9831, 0.9829, 0.0002
[0.9, 60.0] 0.9886, 0.9877, 0.0009
[1.2, 15.0] 0.8313, 0.8235, 0.0095
[1.2, 20.0] 0.8745, 0.8696, 0.0056
[1.2, 25.0] 0.9120, 0.9112, 0.0009
[1.2, 30.0] 0.9524, 0.9535, -0.0012
[1.2, 40.0] 0.9820, 0.9825, -0.0005
[1.2, 50.0] 0.9880, 0.9881, -0.0001
[1.2, 60.0] 0.9923, 0.9914, 0.0009
[2.1, 15.0] 0.8240, 0.8237, 0.0004
[2.1, 20.0] 0.8790, 0.8748, 0.0048
[2.1, 25.0] 0.9190, 0.9201, -0.0012
[2.1, 30.0] 0.9550, 0.9581, -0.0033
[2.1, 40.0] 0.9809, 0.9841, -0.0033
[2.1, 50.0] 0.9885, 0.9902, -0.0018
[2.1, 60.0] 0.9930, 0.9930, -0.0000

==== MC Efficiency Comparison ====
==== Binning Info ====
x-axis: [0.0, 0.9, 1.2, 2.1, 2.4]
y-axis: [15.0, 20.0, 25.0, 30.0, 40.0, 50.0, 60.0, 120.0]
[0.0, 15.0] 0.7588, 0.7605, -0.0023
[0.0, 20.0] 0.8145, 0.8155, -0.0013
[0.0, 25.0] 0.8707, 0.8714, -0.0008
[0.0, 30.0] 0.9344, 0.9371, -0.0029
[0.0, 40.0] 0.9733, 0.9756, -0.0023
[0.0, 50.0] 0.9819, 0.9840, -0.0021
[0.0, 60.0] 0.9869, 0.9877, -0.0008
[0.9, 15.0] 0.7708, 0.7812, -0.0133
[0.9, 20.0] 0.8222, 0.8315, -0.0111
[0.9, 25.0] 0.8684, 0.8761, -0.0088
[0.9, 30.0] 0.9326, 0.9391, -0.0070
[0.9, 40.0] 0.9740, 0.9776, -0.0037
[0.9, 50.0] 0.9827, 0.9857, -0.0031
[0.9, 60.0] 0.9882, 0.9889, -0.0007
[1.2, 15.0] 0.8119, 0.8257, -0.0168
[1.2, 20.0] 0.8612, 0.8724, -0.0129
[1.2, 25.0] 0.9013, 0.9101, -0.0097
[1.2, 30.0] 0.9482, 0.9546, -0.0067
[1.2, 40.0] 0.9806, 0.9837, -0.0032
[1.2, 50.0] 0.9875, 0.9897, -0.0022
[1.2, 60.0] 0.9905, 0.9918, -0.0013
[2.1, 15.0] 0.7974, 0.8177, -0.0248
[2.1, 20.0] 0.8566, 0.8716, -0.0173
[2.1, 25.0] 0.9036, 0.9155, -0.0130
[2.1, 30.0] 0.9478, 0.9578, -0.0104
[2.1, 40.0] 0.9776, 0.9832, -0.0057
[2.1, 50.0] 0.9862, 0.9904, -0.0043
[2.1, 60.0] 0.9928, 0.9925, 0.0003
