ibin	Central	Staterr	Systerr	Totalerr  [MassRange]	[MassBin]	[TagIso]	[AltSig]   Syst/Stat
0	0.0000 	0.0000 	0.0000	0.0000	+0.0000	+0.0000	+0.0000	+0.0000	+0.0000	+0.0000	+0.0000	    
1	0.0000 	0.0000 	0.0000	0.0000	+0.0000	+0.0000	+0.0000	+0.0000	+0.0000	+0.0000	+0.0000	    
2	0.0000 	0.0000 	0.0000	0.0000	+0.0000	+0.0000	+0.0000	+0.0000	+0.0000	+0.0000	+0.0000	    
3	0.0001 	0.0000 	0.0002	0.0002	-0.0001	+0.0000	-0.0001	-0.0001	-0.0001	-0.0001	-0.0001	    
4	0.0001 	0.0000 	0.0000	0.0000	+0.0000	+0.0000	+0.0000	+0.0000	+0.0000	+0.0000	+0.0000	    
5	0.0006 	0.0001 	0.0000	0.0001	+0.0000	+0.0000	+0.0000	+0.0000	+0.0000	+0.0000	+0.0000	    	0.00
6	0.0017 	0.0001 	0.0004	0.0004	-0.0003	+0.0002	+0.0000	+0.0000	+0.0000	+0.0000	+0.0002	    	3.61
7	0.0013 	0.0002 	0.0002	0.0003	-0.0001	+0.0001	-0.0001	+0.0000	+0.0000	+0.0000	+0.0001	    	0.87
8	0.5158 	0.0009 	0.0015	0.0018	+0.0002	-0.0003	+0.0000	+0.0000	+0.0008	+0.0015	-0.0001	    	1.70
9	0.5248 	0.0015 	0.0011	0.0018	-0.0001	+0.0001	+0.0001	+0.0001	-0.0007	+0.0000	-0.0008	    	0.71
10	0.5139 	0.0010 	0.0031	0.0032	+0.0011	+0.0016	-0.0003	+0.0016	+0.0003	+0.0019	+0.0008	    	3.06
11	0.4923 	0.0017 	0.0017	0.0024	+0.0016	-0.0001	-0.0004	+0.0000	-0.0001	+0.0002	+0.0000	    	0.98
12	0.9568 	0.0003 	0.0001	0.0003	+0.0000	-0.0001	+0.0000	+0.0000	-0.0001	+0.0000	+0.0000	    	0.47
13	0.9817 	0.0004 	0.0003	0.0005	+0.0001	+0.0000	-0.0002	+0.0000	+0.0001	+0.0000	-0.0002	    	0.79
14	0.9669 	0.0003 	0.0007	0.0008	+0.0000	-0.0002	-0.0006	-0.0001	-0.0001	-0.0002	-0.0003	    	2.43
15	0.9288 	0.0009 	0.0009	0.0012	+0.0003	-0.0003	+0.0005	-0.0001	+0.0000	-0.0004	-0.0005	    	0.96
16	0.9577 	0.0001 	0.0003	0.0003	+0.0003	+0.0000	+0.0000	+0.0000	+0.0000	+0.0000	+0.0000	    	3.00
17	0.9818 	0.0002 	0.0003	0.0004	-0.0002	-0.0002	+0.0000	-0.0001	+0.0000	-0.0001	-0.0002	    	1.58
18	0.9686 	0.0001 	0.0002	0.0003	-0.0002	-0.0001	+0.0000	+0.0000	+0.0000	-0.0001	-0.0001	    	2.45
19	0.9336 	0.0005 	0.0011	0.0012	+0.0002	-0.0006	-0.0005	-0.0005	-0.0005	-0.0004	-0.0005	    	2.11
20	0.9582 	0.0001 	0.0000	0.0001	+0.0000	+0.0000	+0.0000	+0.0000	+0.0000	+0.0000	+0.0000	    	0.00
21	0.9820 	0.0002 	0.0001	0.0002	+0.0000	-0.0001	+0.0000	+0.0000	+0.0000	+0.0000	+0.0000	    	0.50
22	0.9690 	0.0001 	0.0003	0.0003	+0.0003	+0.0000	+0.0000	+0.0000	+0.0001	+0.0000	+0.0000	    	3.16
23	0.9352 	0.0003 	0.0005	0.0006	+0.0002	-0.0002	-0.0002	+0.0000	+0.0000	-0.0001	-0.0004	    	1.67
24	0.9579 	0.0000 	0.0002	0.0002	+0.0000	-0.0001	-0.0001	-0.0001	-0.0001	-0.0001	+0.0000	    
25	0.9817 	0.0001 	0.0001	0.0001	+0.0000	+0.0000	+0.0000	-0.0001	+0.0000	+0.0000	+0.0000	    	1.00
26	0.9697 	0.0000 	0.0002	0.0002	+0.0001	+0.0002	+0.0000	+0.0000	+0.0001	+0.0000	+0.0000	    
27	0.9353 	0.0001 	0.0001	0.0002	+0.0001	+0.0000	+0.0000	+0.0000	-0.0001	-0.0001	+0.0000	    	1.41
28	0.9567 	0.0000 	0.0000	0.0000	+0.0000	+0.0000	+0.0000	+0.0000	+0.0000	+0.0000	+0.0000	    
29	0.9814 	0.0001 	0.0000	0.0001	+0.0000	+0.0000	+0.0000	+0.0000	+0.0000	+0.0000	+0.0000	    	0.00
30	0.9706 	0.0000 	0.0001	0.0001	+0.0000	+0.0001	+0.0000	+0.0000	+0.0000	+0.0000	+0.0000	    
31	0.9352 	0.0001 	0.0001	0.0001	+0.0000	+0.0000	+0.0000	+0.0000	+0.0001	-0.0001	+0.0000	    	1.00
32	0.9548 	0.0001 	0.0001	0.0002	+0.0001	+0.0000	+0.0000	+0.0000	+0.0000	+0.0000	+0.0001	    	1.41
33	0.9802 	0.0001 	0.0001	0.0001	+0.0000	+0.0000	+0.0000	+0.0000	-0.0001	+0.0000	+0.0000	    	1.00
34	0.9709 	0.0001 	0.0001	0.0001	-0.0001	+0.0000	+0.0000	+0.0000	+0.0000	+0.0000	+0.0000	    	1.00
35	0.9344 	0.0003 	0.0003	0.0004	+0.0000	-0.0001	+0.0002	+0.0000	+0.0001	+0.0001	+0.0001	    	0.88
36	0.9489 	0.0005 	0.0002	0.0006	+0.0001	+0.0000	+0.0000	+0.0000	+0.0000	-0.0002	-0.0001	    	0.49
37	0.9752 	0.0006 	0.0003	0.0007	+0.0001	-0.0002	-0.0001	+0.0000	-0.0001	+0.0000	-0.0001	    	0.44
38	0.9707 	0.0004 	0.0002	0.0004	+0.0001	-0.0001	-0.0001	+0.0001	+0.0001	+0.0000	+0.0000	    	0.43
39	0.9294 	0.0016 	0.0028	0.0032	-0.0013	+0.0008	-0.0001	+0.0001	+0.0000	+0.0000	+0.0025	    	1.76
Average	error:	0.000327 (stat)	0.000447 (syst)	0.000580 (total)

TnP Configurations 
Event Selection(Data) : ( (probe_isMedium && probe_miniIso_rhoAll < 0.1 && probe_iso03_sumPt/probe_pt < 0.4 && ( (probe_3DIPerrVTX > 0 && probe_3DIPVTX/probe_3DIPerrVTX < 3) || probe_3DIPerrVTX == 0) ) && tag_isTight && tag_HLT_IsoMu24_v==1 && tag_pt > 26 && fabs(tag_eta) < 2.4 && (tag_pfIso04_charged + max(0, tag_pfIso04_neutral+tag_pfIso04_photon-(0.5*tag_pfIso04_sumPU)))/tag_pt < 0.15 && 60 < pair_mass && pair_mass < 140 && pair_dR > 0.3) 
Event Selection(MC) : ( (probe_isMedium && probe_miniIso_rhoAll < 0.1 && probe_iso03_sumPt/probe_pt < 0.4 && ( (probe_3DIPerrVTX > 0 && probe_3DIPVTX/probe_3DIPerrVTX < 3) || probe_3DIPerrVTX == 0) ) && tag_isTight && tag_HLT_IsoMu24_v==1 && tag_pt > 26 && fabs(tag_eta) < 2.4 && (tag_pfIso04_charged + max(0, tag_pfIso04_neutral+tag_pfIso04_photon-(0.5*tag_pfIso04_sumPU)))/tag_pt < 0.15 && 60 < pair_mass && pair_mass < 140 && pair_dR > 0.3) 
Passing Probe Condtion : (probe_isMedium && probe_miniIso_rhoAll < 0.1 && probe_iso03_sumPt/probe_pt < 0.4 && ( (probe_3DIPerrVTX > 0 && probe_3DIPVTX/probe_3DIPerrVTX < 3) || probe_3DIPerrVTX == 0) ) && probe_hltL3fL1DoubleMu155fFiltered17_dr<0.3 && probe_hltDiMuon178RelTrkIsoFiltered0p4_dr<0.3 
Input file(Data) : ['/gv0/Users/choij/TnPTrees/v220707/muon/Run2018_UL/SingleMuon_2018.root'] 
Input file(MC) : ['/gv0/Users/choij/TnPTrees/v220707/muon/Run2018_UL/DYJetsToMuMu_M-50_massWgtFix_TuneCP5_13TeV-powhegMiNNLO-pythia8-photos.root'] 
Binnings : [{'var': 'fabs(probe_eta)', 'type': 'float', 'bins': [0.0, 0.9, 1.2, 2.1, 2.4], 'title': '|#eta_{SC}|'}, {'var': 'probe_pt', 'type': 'float', 'bins': [10.0, 14.0, 16.0, 18.0, 20.0, 25.0, 30.0, 40.0, 50.0, 100.0, 200.0], 'title': 'p_{T}'}] 
