ibin	Central	Staterr	Systerr	Totalerr  [MassRange]	[MassBin]	[TagIso]	[AltSig]   Syst/Stat
0	0.8398 	0.0041 	0.0153	0.0159	+0.0101	-0.0151	-0.0012	-0.0008	-0.0020	-0.0005	-0.0010	    	3.73
1	0.8443 	0.0050 	0.0114	0.0125	+0.0112	-0.0087	-0.0021	+0.0000	+0.0006	-0.0003	+0.0008	    	2.29
2	0.8542 	0.0022 	0.0097	0.0099	+0.0002	-0.0084	-0.0036	-0.0022	-0.0020	-0.0021	-0.0023	    	4.39
3	0.7974 	0.0045 	0.0025	0.0052	+0.0009	-0.0025	+0.0001	+0.0002	-0.0003	-0.0003	-0.0001	    	0.56
4	0.8657 	0.0010 	0.0178	0.0178	+0.0145	-0.0178	-0.0001	-0.0003	-0.0003	-0.0003	+0.0000	    	17.81
5	0.8683 	0.0029 	0.0155	0.0157	+0.0113	-0.0153	-0.0013	-0.0001	+0.0007	+0.0003	-0.0018	    	5.34
6	0.8710 	0.0014 	0.0097	0.0098	+0.0060	-0.0095	-0.0006	-0.0003	+0.0006	-0.0001	-0.0018	    	6.93
7	0.8167 	0.0027 	0.0059	0.0065	+0.0021	-0.0045	-0.0001	-0.0001	+0.0010	+0.0000	-0.0037	    	2.19
8	0.8831 	0.0011 	0.0142	0.0143	+0.0134	-0.0142	-0.0004	-0.0002	+0.0000	+0.0002	-0.0004	    	12.92
9	0.8800 	0.0012 	0.0152	0.0153	+0.0152	-0.0138	+0.0001	-0.0001	+0.0000	-0.0004	-0.0005	    	12.68
10	0.8846 	0.0010 	0.0102	0.0103	+0.0090	-0.0102	+0.0003	-0.0001	-0.0002	-0.0002	-0.0008	    	10.24
11	0.8327 	0.0018 	0.0058	0.0061	+0.0039	-0.0054	-0.0007	-0.0001	+0.0017	-0.0005	-0.0010	    	3.22
12	0.9107 	0.0003 	0.0083	0.0083	+0.0083	-0.0042	+0.0002	-0.0001	-0.0002	+0.0001	+0.0000	    	27.68
13	0.9035 	0.0013 	0.0098	0.0099	+0.0098	-0.0028	-0.0002	+0.0001	+0.0000	+0.0009	-0.0001	    	7.57
14	0.9064 	0.0014 	0.0072	0.0073	+0.0072	-0.0036	+0.0000	-0.0001	-0.0002	-0.0001	-0.0004	    	5.15
15	0.8519 	0.0020 	0.0031	0.0037	+0.0029	-0.0003	-0.0001	-0.0001	+0.0008	-0.0003	-0.0008	    	1.56
16	0.9439 	0.0002 	0.0011	0.0011	+0.0011	-0.0004	+0.0001	-0.0001	+0.0002	-0.0001	+0.0000	    	5.61
17	0.9388 	0.0004 	0.0011	0.0012	+0.0011	-0.0003	-0.0001	+0.0001	+0.0001	+0.0001	+0.0001	    	2.78
18	0.9326 	0.0003 	0.0016	0.0017	+0.0016	-0.0006	+0.0000	-0.0001	+0.0003	-0.0001	-0.0001	    	5.45
19	0.8734 	0.0007 	0.0021	0.0022	+0.0018	+0.0000	-0.0001	+0.0000	+0.0002	+0.0001	-0.0010	    	2.96
20	0.9644 	0.0001 	0.0003	0.0003	+0.0002	-0.0001	+0.0000	-0.0001	+0.0002	-0.0001	+0.0000	    	3.00
21	0.9632 	0.0002 	0.0004	0.0004	+0.0002	-0.0002	+0.0000	+0.0000	+0.0003	-0.0001	+0.0000	    	1.80
22	0.9527 	0.0002 	0.0003	0.0003	+0.0002	-0.0001	+0.0000	+0.0000	+0.0002	-0.0001	+0.0000	    	1.41
23	0.8864 	0.0006 	0.0007	0.0009	+0.0004	+0.0007	+0.0001	+0.0000	+0.0000	+0.0000	+0.0000	    	1.18
24	0.9660 	0.0003 	0.0003	0.0004	+0.0003	-0.0003	+0.0001	-0.0001	+0.0001	-0.0001	+0.0000	    	1.11
25	0.9641 	0.0006 	0.0003	0.0007	+0.0003	-0.0003	-0.0001	+0.0001	+0.0000	-0.0001	+0.0000	    	0.55
26	0.9524 	0.0004 	0.0006	0.0007	+0.0005	+0.0003	+0.0001	+0.0000	+0.0003	+0.0000	+0.0001	    	1.50
27	0.8839 	0.0014 	0.0016	0.0021	+0.0004	+0.0006	+0.0000	+0.0001	+0.0010	+0.0001	+0.0011	    	1.15
28	0.9666 	0.0005 	0.0010	0.0011	+0.0000	-0.0008	-0.0004	+0.0000	+0.0004	+0.0000	+0.0000	    	1.96
29	0.9629 	0.0009 	0.0014	0.0017	-0.0003	-0.0010	-0.0005	-0.0006	+0.0003	+0.0001	-0.0007	    	1.55
30	0.9518 	0.0007 	0.0011	0.0013	+0.0005	-0.0006	-0.0003	+0.0000	+0.0000	+0.0001	+0.0009	    	1.61
31	0.8953 	0.0025 	0.0019	0.0032	+0.0006	+0.0006	-0.0002	+0.0001	-0.0002	+0.0002	+0.0018	    	0.77
32	0.9640 	0.0040 	0.0017	0.0044	+0.0011	-0.0005	-0.0006	+0.0001	-0.0012	+0.0006	+0.0000	    	0.43
33	0.9629 	0.0078 	0.0029	0.0083	+0.0010	+0.0005	-0.0009	-0.0006	+0.0008	-0.0003	-0.0025	    	0.38
34	0.9429 	0.0053 	0.0040	0.0066	+0.0012	+0.0006	+0.0007	+0.0002	+0.0032	+0.0000	-0.0019	    	0.75
35	0.8811 	0.0248 	0.0243	0.0347	-0.0004	-0.0157	+0.0002	-0.0015	+0.0043	+0.0097	+0.0157	    	0.98
Average	error:	0.002383 (stat)	0.005849 (syst)	0.006718 (total)

TnP Configurations 
Event Selection(Data) : (probe_isTracker && tag_HLT_IsoMu24_v==1 && tag_pt > 26 && fabs(tag_eta) < 2.4 && (tag_pfIso04_charged + max(0, tag_pfIso04_neutral+tag_pfIso04_photon-(0.5*tag_pfIso04_sumPU)))/tag_pt < 0.2 && tag_isTight && 60 < pair_mass && pair_mass < 140 && pair_dR > 0.3 && pair_probeMultiplicity == 1) 
Event Selection(MC) : (probe_isTracker && tag_HLT_IsoMu24_v==1 && tag_pt > 26 && fabs(tag_eta) < 2.4 && (tag_pfIso04_charged + max(0, tag_pfIso04_neutral+tag_pfIso04_photon-(0.5*tag_pfIso04_sumPU)))/tag_pt < 0.2 && tag_isTight && 60 < pair_mass && pair_mass < 140 && pair_dR > 0.3 && pair_probeMultiplicity == 1)*(genWeight) 
Passing Probe Condtion : probe_CutBasedIdMedium && probe_miniIso_rhoAll < 0.1 && probe_iso03_sumPt/probe_pt < 0.4 && ( (probe_3DIPerrVTX>0 && probe_3DIPVTX/probe_3DIPerrVTX<3) || probe_3DIPerrVTX==0) && abs(probe_dz) < 0.1 
Input file(Data) : ['/gv0/Users/choij/TnPTrees/v220707/muon/Run2016_UL_HIPM/SingleMuon_2016a.root'] 
Input file(MC) : ['/gv0/Users/choij/TnPTrees/v220707/muon/Run2016_UL_HIPM/DYJetsToMuMu_M-50_TuneCP5_13TeV-powhegMiNNLO-pythia8-photos.root'] 
Binnings : [{'var': 'fabs(probe_eta)', 'type': 'float', 'bins': [0.0, 0.9, 1.2, 2.1, 2.4], 'title': '|#eta_{SC}|'}, {'var': 'probe_pt', 'type': 'float', 'bins': [10.0, 15.0, 20.0, 25.0, 30.0, 40.0, 50.0, 60.0, 120.0, 200.0], 'title': 'p_{T}'}] 
