ibin	Central	Staterr	Systerr	Totalerr  [MassRange]	[MassBin]	[TagIso]	[AltSig]   Syst/Stat
0	0.9328 	0.0006 	0.0002	0.0006	+0.0001	+0.0002	+0.0000	+0.0000	+0.0000	+0.0001	+0.0000	    	0.37
1	0.9498 	0.0008 	0.0017	0.0019	-0.0001	+0.0000	+0.0003	+0.0001	-0.0001	+0.0001	-0.0017	    	2.17
2	0.9500 	0.0005 	0.0007	0.0009	+0.0006	+0.0002	+0.0002	+0.0000	+0.0001	-0.0001	-0.0003	    	1.41
3	0.9208 	0.0011 	0.0010	0.0015	+0.0000	+0.0009	+0.0003	+0.0000	+0.0001	-0.0001	+0.0004	    	0.94
4	0.9356 	0.0004 	0.0003	0.0005	+0.0003	-0.0002	+0.0000	+0.0000	+0.0000	+0.0000	+0.0000	    	0.75
5	0.9522 	0.0006 	0.0017	0.0018	-0.0007	-0.0007	-0.0006	-0.0007	+0.0001	-0.0010	-0.0009	    	2.78
6	0.9533 	0.0003 	0.0018	0.0018	+0.0011	+0.0008	+0.0008	+0.0009	+0.0008	+0.0009	+0.0007	    	6.07
7	0.9349 	0.0008 	0.0012	0.0014	-0.0001	-0.0002	+0.0002	-0.0011	+0.0001	+0.0003	+0.0000	    	1.45
8	0.9375 	0.0002 	0.0002	0.0003	-0.0001	+0.0000	-0.0001	+0.0000	-0.0001	+0.0000	+0.0000	    	0.87
9	0.9514 	0.0004 	0.0016	0.0017	+0.0007	+0.0008	+0.0009	+0.0007	+0.0008	+0.0000	+0.0007	    	4.02
10	0.9577 	0.0002 	0.0006	0.0007	+0.0001	-0.0002	+0.0001	+0.0000	-0.0001	-0.0001	+0.0006	    	3.24
11	0.9417 	0.0005 	0.0003	0.0006	-0.0001	-0.0002	+0.0000	+0.0000	-0.0001	-0.0002	+0.0000	    	0.57
12	0.9383 	0.0002 	0.0002	0.0003	+0.0000	-0.0001	+0.0000	+0.0000	-0.0001	-0.0001	-0.0001	    	0.87
13	0.9523 	0.0003 	0.0002	0.0004	+0.0002	-0.0002	+0.0001	+0.0000	-0.0001	+0.0001	+0.0000	    	0.82
14	0.9586 	0.0002 	0.0004	0.0005	+0.0000	-0.0001	+0.0001	+0.0000	+0.0001	+0.0000	-0.0004	    	2.18
15	0.9436 	0.0004 	0.0007	0.0008	-0.0001	+0.0000	+0.0002	-0.0005	-0.0001	-0.0005	+0.0000	    	1.79
16	0.9373 	0.0001 	0.0007	0.0007	+0.0003	+0.0003	+0.0000	+0.0000	+0.0003	+0.0003	+0.0006	    	7.35
17	0.9521 	0.0001 	0.0004	0.0004	+0.0003	+0.0002	+0.0000	+0.0000	+0.0000	+0.0000	+0.0003	    	4.24
18	0.9596 	0.0001 	0.0004	0.0004	+0.0002	+0.0002	+0.0001	+0.0000	+0.0002	+0.0000	+0.0003	    	4.24
19	0.9442 	0.0002 	0.0008	0.0008	-0.0004	-0.0003	-0.0003	+0.0000	+0.0000	+0.0000	-0.0006	    	3.91
20	0.9356 	0.0001 	0.0000	0.0001	+0.0000	+0.0000	+0.0000	+0.0000	+0.0000	+0.0000	+0.0000	    	0.00
21	0.9515 	0.0001 	0.0000	0.0001	+0.0000	+0.0000	+0.0000	+0.0000	+0.0000	+0.0000	+0.0000	    	0.00
22	0.9612 	0.0001 	0.0001	0.0002	+0.0001	+0.0000	+0.0000	+0.0000	+0.0001	+0.0000	+0.0000	    	1.41
23	0.9441 	0.0002 	0.0000	0.0002	+0.0000	+0.0000	+0.0000	+0.0000	+0.0000	+0.0000	+0.0000	    	0.00
24	0.9324 	0.0001 	0.0002	0.0002	+0.0000	+0.0001	+0.0001	+0.0000	+0.0000	+0.0000	+0.0001	    	1.73
25	0.9484 	0.0002 	0.0003	0.0004	-0.0001	+0.0002	+0.0000	+0.0000	+0.0000	-0.0001	+0.0002	    	1.50
26	0.9618 	0.0001 	0.0001	0.0002	+0.0000	+0.0000	+0.0000	+0.0000	-0.0001	+0.0000	-0.0001	    	1.41
27	0.9419 	0.0003 	0.0003	0.0004	-0.0001	+0.0000	+0.0001	+0.0000	+0.0002	+0.0000	+0.0001	    	0.88
28	0.9229 	0.0007 	0.0004	0.0008	+0.0003	-0.0002	+0.0001	+0.0001	+0.0003	+0.0001	+0.0000	    	0.62
29	0.9354 	0.0012 	0.0015	0.0019	+0.0009	+0.0003	+0.0000	-0.0001	+0.0002	+0.0001	-0.0012	    	1.26
30	0.9594 	0.0007 	0.0006	0.0010	+0.0002	-0.0005	-0.0002	+0.0000	+0.0002	-0.0001	-0.0003	    	0.93
31	0.9318 	0.0022 	0.0035	0.0042	-0.0019	+0.0010	-0.0001	+0.0000	-0.0002	-0.0006	+0.0029	    	1.60
Average	error:	0.000437 (stat)	0.000701 (syst)	0.000861 (total)

TnP Configurations 
Event Selection(Data) : ( (probe_isMedium && probe_miniIso_rhoAll < 0.1 && probe_iso03_sumPt/probe_pt < 0.4 && ( (probe_3DIPerrVTX > 0 && probe_3DIPVTX/probe_3DIPerrVTX < 3) || probe_3DIPerrVTX == 0) ) && tag_isTight && tag_HLT_IsoMu24_v==1 && tag_pt > 26 && fabs(tag_eta) < 2.4 && (tag_pfIso04_charged + max(0, tag_pfIso04_neutral+tag_pfIso04_photon-(0.5*tag_pfIso04_sumPU)))/tag_pt < 0.15 && 60 < pair_mass && pair_mass < 140 && pair_dR > 0.3) 
Event Selection(MC) : ( (probe_isMedium && probe_miniIso_rhoAll < 0.1 && probe_iso03_sumPt/probe_pt < 0.4 && ( (probe_3DIPerrVTX > 0 && probe_3DIPVTX/probe_3DIPerrVTX < 3) || probe_3DIPerrVTX == 0) ) && tag_isTight && tag_HLT_IsoMu24_v==1 && tag_pt > 26 && fabs(tag_eta) < 2.4 && (tag_pfIso04_charged + max(0, tag_pfIso04_neutral+tag_pfIso04_photon-(0.5*tag_pfIso04_sumPU)))/tag_pt < 0.15 && 60 < pair_mass && pair_mass < 140 && pair_dR > 0.3) 
Passing Probe Condtion : (probe_isMedium && probe_miniIso_rhoAll < 0.1 && probe_iso03_sumPt/probe_pt < 0.4 && ( (probe_3DIPerrVTX > 0 && probe_3DIPVTX/probe_3DIPerrVTX < 3) || probe_3DIPerrVTX == 0) ) && probe_hltDiMuon178RelTrkIsoFiltered0p4_dr<0.3 
Input file(Data) : ['/gv0/Users/choij/TnPTrees/v220707/muon/Run2018_UL/SingleMuon_2018.root'] 
Input file(MC) : ['/gv0/Users/choij/TnPTrees/v220707/muon/Run2018_UL/DYJetsToMuMu_M-50_massWgtFix_TuneCP5_13TeV-powhegMiNNLO-pythia8-photos.root'] 
Binnings : [{'var': 'fabs(probe_eta)', 'type': 'float', 'bins': [0.0, 0.9, 1.2, 2.1, 2.4], 'title': '|#eta_{SC}|'}, {'var': 'probe_pt', 'type': 'float', 'bins': [10.0, 15.0, 20.0, 25.0, 30.0, 40.0, 50.0, 100.0, 200.0], 'title': 'p_{T}'}] 
