ibin	Central	Staterr	Systerr	Totalerr  [MassRange]	[MassBin]	[TagIso]	[AltSig]   Syst/Stat
0	0.0000 	0.0000 	0.0000	0.0000	+0.0000	+0.0000	+0.0000	+0.0000	+0.0000	+0.0000	+0.0000	    
1	0.0025 	0.0000 	0.0001	0.0001	+0.0000	+0.0000	+0.0000	+0.0000	+0.0001	+0.0000	+0.0000	    
2	0.0009 	0.0000 	0.0001	0.0001	+0.0000	+0.0000	-0.0001	+0.0000	+0.0000	+0.0000	+0.0000	    
3	0.0011 	0.0000 	0.0001	0.0001	+0.0000	+0.0000	-0.0001	+0.0000	-0.0001	+0.0000	+0.0000	    
4	0.0001 	0.0000 	0.0000	0.0000	+0.0000	+0.0000	+0.0000	+0.0000	+0.0000	+0.0000	+0.0000	    
5	0.0048 	0.0000 	0.0002	0.0002	-0.0001	-0.0001	+0.0000	+0.0000	-0.0002	-0.0001	-0.0001	    
6	0.0046 	0.0000 	0.0005	0.0005	-0.0004	+0.0002	+0.0000	+0.0000	+0.0000	-0.0001	+0.0003	    
7	0.0058 	0.0000 	0.0002	0.0002	-0.0002	-0.0001	-0.0001	+0.0000	+0.0000	-0.0001	+0.0000	    
8	0.4970 	0.0000 	0.0050	0.0050	-0.0021	-0.0018	-0.0039	-0.0021	-0.0006	+0.0000	-0.0022	    
9	0.5073 	0.0000 	0.0018	0.0018	+0.0016	+0.0009	+0.0001	+0.0001	-0.0007	-0.0004	-0.0006	    
10	0.4781 	0.0000 	0.0042	0.0042	+0.0012	+0.0022	+0.0020	+0.0019	+0.0004	+0.0000	+0.0030	    
11	0.4642 	0.0000 	0.0038	0.0038	-0.0032	-0.0023	+0.0002	+0.0000	-0.0005	-0.0003	-0.0019	    
12	0.9537 	0.0000 	0.0005	0.0005	-0.0002	+0.0000	-0.0003	-0.0001	+0.0000	-0.0004	-0.0001	    
13	0.9533 	0.0000 	0.0005	0.0005	-0.0003	-0.0003	+0.0001	+0.0003	-0.0001	-0.0001	-0.0002	    
14	0.9221 	0.0000 	0.0007	0.0007	+0.0002	+0.0007	-0.0001	+0.0000	+0.0000	+0.0002	+0.0000	    
15	0.8974 	0.0000 	0.0013	0.0013	-0.0010	-0.0001	-0.0008	+0.0000	+0.0001	+0.0001	+0.0000	    
16	0.9538 	0.0000 	0.0003	0.0003	-0.0003	-0.0003	+0.0001	+0.0000	+0.0000	+0.0000	-0.0001	    
17	0.9607 	0.0000 	0.0005	0.0005	+0.0001	-0.0002	-0.0001	-0.0002	-0.0003	-0.0003	-0.0003	    
18	0.9346 	0.0000 	0.0006	0.0006	-0.0001	-0.0001	-0.0003	+0.0003	+0.0004	+0.0002	-0.0003	    
19	0.9130 	0.0000 	0.0011	0.0011	+0.0000	+0.0000	+0.0009	+0.0004	+0.0006	+0.0002	+0.0000	    
20	0.9535 	0.0000 	0.0002	0.0002	-0.0001	+0.0000	-0.0001	+0.0000	+0.0000	+0.0000	-0.0001	    
21	0.9647 	0.0000 	0.0001	0.0001	-0.0001	-0.0001	+0.0000	+0.0000	+0.0001	+0.0000	+0.0000	    
22	0.9364 	0.0000 	0.0005	0.0005	-0.0002	-0.0001	+0.0000	-0.0001	-0.0001	-0.0001	-0.0004	    
23	0.9151 	0.0000 	0.0009	0.0009	+0.0004	+0.0005	+0.0004	+0.0005	+0.0005	+0.0000	+0.0002	    
24	0.9531 	0.0000 	0.0001	0.0001	+0.0000	+0.0000	+0.0000	+0.0000	+0.0000	+0.0000	+0.0001	    
25	0.9673 	0.0000 	0.0005	0.0005	+0.0002	+0.0001	+0.0003	+0.0001	+0.0001	+0.0003	+0.0000	    
26	0.9348 	0.0000 	0.0005	0.0005	-0.0001	-0.0001	-0.0001	-0.0001	-0.0003	-0.0002	-0.0004	    
27	0.9166 	0.0000 	0.0009	0.0009	+0.0004	+0.0003	+0.0003	+0.0006	+0.0006	+0.0005	-0.0001	    
28	0.9517 	0.0000 	0.0001	0.0001	+0.0000	+0.0000	+0.0000	+0.0000	+0.0001	+0.0000	+0.0000	    
29	0.9684 	0.0000 	0.0000	0.0000	+0.0000	+0.0000	+0.0000	+0.0000	+0.0000	+0.0000	+0.0000	    
30	0.9400 	0.0000 	0.0000	0.0000	+0.0000	+0.0000	+0.0000	+0.0000	+0.0000	+0.0000	+0.0000	    
31	0.9170 	0.0000 	0.0001	0.0001	+0.0000	+0.0000	+0.0000	+0.0000	+0.0001	-0.0001	+0.0000	    
32	0.9499 	0.0000 	0.0002	0.0002	-0.0001	+0.0000	+0.0000	+0.0000	-0.0001	-0.0001	-0.0001	    
33	0.9683 	0.0000 	0.0002	0.0002	-0.0001	+0.0000	+0.0000	-0.0001	+0.0000	+0.0000	-0.0001	    
34	0.9463 	0.0000 	0.0001	0.0001	+0.0000	+0.0000	+0.0000	+0.0000	+0.0000	+0.0000	-0.0001	    
35	0.9155 	0.0000 	0.0002	0.0002	+0.0001	+0.0001	+0.0001	+0.0000	-0.0001	+0.0000	+0.0000	    
36	0.9437 	0.0000 	0.0003	0.0003	+0.0001	-0.0001	-0.0003	+0.0000	-0.0001	-0.0001	+0.0000	    
37	0.9637 	0.0000 	0.0008	0.0008	+0.0001	+0.0003	+0.0007	+0.0001	-0.0001	-0.0001	+0.0000	    
38	0.9474 	0.0000 	0.0006	0.0006	-0.0001	-0.0002	-0.0002	+0.0000	-0.0002	-0.0001	-0.0005	    
39	0.9068 	0.0000 	0.0050	0.0050	-0.0018	+0.0003	-0.0013	-0.0001	+0.0029	+0.0002	+0.0034	    
Average	error:	0.000000 (stat)	0.000824 (syst)	0.000824 (total)

TnP Configurations 
Event Selection(Data) : ( (probe_isMedium && probe_miniIso_rhoAll < 0.1 && probe_iso03_sumPt/probe_pt < 0.4 && ( (probe_3DIPerrVTX > 0 && probe_3DIPVTX/probe_3DIPerrVTX < 3) || probe_3DIPerrVTX == 0) ) && tag_isTight && tag_HLT_IsoMu27_v==1 && tag_pt > 29 && fabs(tag_eta) < 2.4 && (tag_pfIso04_charged + max(0, tag_pfIso04_neutral+tag_pfIso04_photon-(0.5*tag_pfIso04_sumPU)))/tag_pt < 0.15 && 60 < pair_mass && pair_mass < 140 && pair_dR > 0.3) 
Event Selection(MC) : ( (probe_isMedium && probe_miniIso_rhoAll < 0.1 && probe_iso03_sumPt/probe_pt < 0.4 && ( (probe_3DIPerrVTX > 0 && probe_3DIPVTX/probe_3DIPerrVTX < 3) || probe_3DIPerrVTX == 0) ) && tag_isTight && tag_HLT_IsoMu27_v==1 && tag_pt > 29 && fabs(tag_eta) < 2.4 && (tag_pfIso04_charged + max(0, tag_pfIso04_neutral+tag_pfIso04_photon-(0.5*tag_pfIso04_sumPU)))/tag_pt < 0.15 && 60 < pair_mass && pair_mass < 140 && pair_dR > 0.3)*(genWeight) 
Passing Probe Condtion : (probe_isMedium && probe_miniIso_rhoAll < 0.1 && probe_iso03_sumPt/probe_pt < 0.4 && ( (probe_3DIPerrVTX > 0 && probe_3DIPVTX/probe_3DIPerrVTX < 3) || probe_3DIPerrVTX == 0) ) && probe_hltL3fL1DoubleMu155fFiltered17_dr<0.3 && probe_hltDiMuon178RelTrkIsoFiltered0p4_dr<0.3 
Input file(Data) : ['/gv0/Users/choij/TnPTrees/v220707/muon/Run2017_UL/SingleMuon_2017.root'] 
Input file(MC) : ['/gv0/Users/choij/TnPTrees/v220707/muon/Run2017_UL/DYJetsToMuMu_M-50_massWgtFix_TuneCP5_13TeV-powhegMiNNLO-pythia8-photos.root'] 
Binnings : [{'var': 'fabs(probe_eta)', 'type': 'float', 'bins': [0.0, 0.9, 1.2, 2.1, 2.4], 'title': '|#eta_{SC}|'}, {'var': 'probe_pt', 'type': 'float', 'bins': [10.0, 14.0, 16.0, 18.0, 20.0, 25.0, 30.0, 40.0, 50.0, 100.0, 200.0], 'title': 'p_{T}'}] 
