ibin	Central	Staterr	Systerr	Totalerr  [MassRange]	[MassBin]	[TagIso]	[AltSig]   Syst/Stat
0	0.0000 	0.0000 	0.0000	0.0000	+0.0000	+0.0000	+0.0000	+0.0000	+0.0000	+0.0000	+0.0000	    
1	0.0010 	0.0002 	0.0000	0.0002	+0.0000	+0.0000	+0.0000	+0.0000	+0.0000	+0.0000	+0.0000	    	0.00
2	0.0007 	0.0001 	0.0001	0.0001	+0.0000	+0.0000	-0.0001	+0.0000	+0.0000	+0.0000	+0.0000	    	1.00
3	0.0013 	0.0002 	0.0002	0.0003	+0.0000	-0.0001	-0.0002	+0.0000	-0.0001	+0.0000	+0.0000	    	1.22
4	0.0003 	0.0001 	0.0000	0.0001	+0.0000	+0.0000	+0.0000	+0.0000	+0.0000	+0.0000	+0.0000	    	0.00
5	0.0026 	0.0003 	0.0001	0.0003	+0.0000	+0.0000	+0.0000	+0.0000	+0.0000	+0.0001	+0.0000	    	0.33
6	0.0052 	0.0003 	0.0006	0.0007	-0.0005	+0.0002	+0.0000	+0.0000	+0.0001	+0.0001	+0.0003	    	1.97
7	0.0154 	0.0009 	0.0005	0.0010	+0.0000	+0.0000	-0.0005	+0.0000	+0.0000	+0.0000	+0.0002	    	0.60
8	0.4837 	0.0016 	0.0012	0.0020	-0.0010	+0.0003	+0.0006	+0.0001	-0.0004	+0.0000	-0.0002	    	0.78
9	0.4946 	0.0029 	0.0010	0.0031	-0.0009	+0.0009	-0.0004	-0.0002	-0.0002	-0.0002	+0.0000	    	0.35
10	0.4657 	0.0017 	0.0055	0.0058	-0.0005	-0.0001	+0.0004	-0.0001	-0.0003	-0.0001	+0.0055	    	3.26
11	0.3924 	0.0030 	0.0099	0.0103	+0.0044	+0.0033	+0.0047	+0.0049	+0.0054	+0.0054	+0.0050	    	3.29
12	0.9257 	0.0007 	0.0013	0.0014	+0.0006	-0.0002	+0.0000	+0.0000	+0.0010	+0.0011	-0.0001	    	1.80
13	0.9240 	0.0013 	0.0025	0.0028	-0.0009	-0.0006	+0.0000	+0.0002	-0.0023	+0.0000	+0.0000	    	1.91
14	0.8954 	0.0009 	0.0010	0.0013	+0.0001	-0.0002	-0.0001	+0.0001	+0.0005	+0.0002	-0.0008	    	1.08
15	0.7701 	0.0024 	0.0015	0.0028	+0.0003	-0.0004	-0.0003	-0.0001	-0.0006	-0.0007	-0.0012	    	0.62
16	0.9270 	0.0003 	0.0002	0.0004	+0.0000	+0.0000	+0.0002	+0.0000	+0.0000	+0.0000	+0.0000	    	0.67
17	0.9295 	0.0006 	0.0017	0.0018	+0.0013	+0.0014	+0.0009	+0.0001	+0.0002	+0.0001	+0.0000	    	2.79
18	0.9174 	0.0004 	0.0015	0.0016	+0.0000	-0.0001	-0.0002	+0.0000	+0.0001	-0.0003	-0.0015	    	3.86
19	0.8309 	0.0011 	0.0008	0.0014	+0.0005	-0.0001	+0.0006	+0.0000	-0.0002	+0.0000	+0.0002	    	0.76
20	0.9276 	0.0002 	0.0003	0.0004	-0.0002	+0.0000	-0.0001	+0.0000	-0.0002	-0.0001	+0.0000	    	1.50
21	0.9339 	0.0004 	0.0002	0.0005	+0.0000	+0.0000	+0.0001	+0.0000	+0.0002	+0.0000	+0.0001	    	0.61
22	0.9244 	0.0003 	0.0003	0.0004	+0.0001	+0.0000	+0.0001	+0.0000	+0.0002	-0.0001	-0.0002	    	1.05
23	0.8528 	0.0008 	0.0007	0.0010	-0.0001	-0.0005	-0.0001	+0.0000	-0.0001	-0.0001	-0.0004	    	0.82
24	0.9267 	0.0001 	0.0005	0.0005	+0.0004	+0.0004	+0.0000	+0.0001	+0.0000	+0.0003	+0.0000	    	5.10
25	0.9358 	0.0002 	0.0001	0.0002	+0.0000	+0.0000	+0.0001	+0.0000	+0.0001	-0.0001	+0.0000	    	0.71
26	0.9290 	0.0001 	0.0011	0.0011	+0.0006	+0.0005	+0.0000	+0.0000	+0.0000	-0.0001	+0.0009	    	10.86
27	0.8746 	0.0003 	0.0006	0.0007	+0.0002	+0.0001	+0.0000	+0.0000	+0.0001	-0.0001	-0.0006	    	2.13
28	0.9256 	0.0001 	0.0002	0.0002	+0.0000	-0.0001	-0.0001	+0.0000	+0.0000	-0.0001	+0.0000	    	1.73
29	0.9362 	0.0002 	0.0001	0.0002	+0.0000	+0.0000	-0.0001	+0.0000	+0.0000	-0.0001	+0.0000	    	0.71
30	0.9347 	0.0001 	0.0002	0.0002	+0.0002	-0.0001	+0.0000	+0.0000	+0.0001	-0.0001	+0.0000	    	2.24
31	0.8895 	0.0003 	0.0002	0.0004	+0.0002	+0.0000	+0.0000	+0.0001	+0.0001	+0.0000	+0.0000	    	0.82
32	0.9219 	0.0002 	0.0001	0.0002	-0.0001	+0.0001	+0.0000	+0.0000	+0.0000	+0.0000	+0.0000	    	0.50
33	0.9347 	0.0003 	0.0003	0.0004	-0.0003	+0.0001	+0.0000	+0.0000	+0.0000	-0.0001	+0.0000	    	1.05
34	0.9378 	0.0002 	0.0001	0.0002	+0.0001	+0.0001	+0.0000	+0.0000	+0.0000	+0.0000	+0.0000	    	0.50
35	0.8960 	0.0005 	0.0003	0.0006	-0.0002	+0.0000	+0.0001	+0.0000	+0.0001	+0.0001	+0.0001	    	0.53
36	0.9123 	0.0010 	0.0008	0.0013	+0.0002	-0.0006	-0.0002	+0.0000	+0.0000	+0.0000	-0.0005	    	0.81
37	0.9228 	0.0017 	0.0016	0.0023	+0.0001	+0.0012	+0.0010	+0.0000	+0.0002	-0.0001	+0.0000	    	0.93
38	0.9385 	0.0011 	0.0006	0.0013	+0.0001	-0.0003	-0.0004	+0.0000	-0.0004	-0.0001	+0.0000	    	0.58
39	0.8999 	0.0033 	0.0012	0.0035	+0.0009	+0.0002	-0.0007	-0.0003	-0.0002	-0.0004	-0.0002	    	0.37
Average	error:	0.000760 (stat)	0.000985 (syst)	0.001332 (total)

TnP Configurations 
Event Selection(Data) : ( (probe_isMedium && probe_miniIso_rhoAll < 0.1 && probe_iso03_sumPt/probe_pt < 0.4 && ( (probe_3DIPerrVTX > 0 && probe_3DIPVTX/probe_3DIPerrVTX < 3) || probe_3DIPerrVTX == 0) ) && tag_isTight && tag_HLT_IsoMu27_v==1 && tag_pt > 29 && fabs(tag_eta) < 2.4 && (tag_pfIso04_charged + max(0, tag_pfIso04_neutral+tag_pfIso04_photon-(0.5*tag_pfIso04_sumPU)))/tag_pt < 0.15 && 60 < pair_mass && pair_mass < 140 && pair_dR > 0.3) 
Event Selection(MC) : ( (probe_isMedium && probe_miniIso_rhoAll < 0.1 && probe_iso03_sumPt/probe_pt < 0.4 && ( (probe_3DIPerrVTX > 0 && probe_3DIPVTX/probe_3DIPerrVTX < 3) || probe_3DIPerrVTX == 0) ) && tag_isTight && tag_HLT_IsoMu27_v==1 && tag_pt > 29 && fabs(tag_eta) < 2.4 && (tag_pfIso04_charged + max(0, tag_pfIso04_neutral+tag_pfIso04_photon-(0.5*tag_pfIso04_sumPU)))/tag_pt < 0.15 && 60 < pair_mass && pair_mass < 140 && pair_dR > 0.3)*(genWeight) 
Passing Probe Condtion : (probe_isMedium && probe_miniIso_rhoAll < 0.1 && probe_iso03_sumPt/probe_pt < 0.4 && ( (probe_3DIPerrVTX > 0 && probe_3DIPVTX/probe_3DIPerrVTX < 3) || probe_3DIPerrVTX == 0) ) && probe_hltL3fL1DoubleMu155fFiltered17_dr<0.3 && probe_hltDiMuon178RelTrkIsoFiltered0p4_dr<0.3 
Input file(Data) : ['/gv0/Users/choij/TnPTrees/v220707/muon/Run2017_UL/SingleMuon_2017.root'] 
Input file(MC) : ['/gv0/Users/choij/TnPTrees/v220707/muon/Run2017_UL/DYJetsToMuMu_M-50_massWgtFix_TuneCP5_13TeV-powhegMiNNLO-pythia8-photos.root'] 
Binnings : [{'var': 'fabs(probe_eta)', 'type': 'float', 'bins': [0.0, 0.9, 1.2, 2.1, 2.4], 'title': '|#eta_{SC}|'}, {'var': 'probe_pt', 'type': 'float', 'bins': [10.0, 14.0, 16.0, 18.0, 20.0, 25.0, 30.0, 40.0, 50.0, 100.0, 200.0], 'title': 'p_{T}'}] 
