ibin	Central	Staterr	Systerr	Totalerr  [MassRange]	[MassBin]	[TagIso]	[AltSig]   Syst/Stat
0	0.8193 	0.0008 	0.0168	0.0168	-0.0121	+0.0119	+0.0000	+0.0013	+0.0111	+0.0116	+0.0000	    	21.02
1	0.8316 	0.0013 	0.0127	0.0127	-0.0075	+0.0093	-0.0001	+0.0008	+0.0085	+0.0084	+0.0010	    	9.74
2	0.8437 	0.0011 	0.0087	0.0088	-0.0056	+0.0062	+0.0000	+0.0006	+0.0060	+0.0061	+0.0005	    	7.94
3	0.8056 	0.0020 	0.0055	0.0058	-0.0043	+0.0032	-0.0002	-0.0001	+0.0034	+0.0030	-0.0002	    	2.74
4	0.8577 	0.0004 	0.0190	0.0191	-0.0141	+0.0130	-0.0003	-0.0001	+0.0119	+0.0128	-0.0001	    	47.61
5	0.8652 	0.0006 	0.0163	0.0164	-0.0126	+0.0097	-0.0002	-0.0002	+0.0102	+0.0104	-0.0005	    	27.24
6	0.8713 	0.0004 	0.0126	0.0126	-0.0095	+0.0081	-0.0010	-0.0003	+0.0079	+0.0081	-0.0014	    	31.51
7	0.8329 	0.0010 	0.0093	0.0094	-0.0062	+0.0064	-0.0001	-0.0002	+0.0068	+0.0062	-0.0004	    	9.35
8	0.8869 	0.0005 	0.0154	0.0154	-0.0079	+0.0109	-0.0001	-0.0001	+0.0109	+0.0109	+0.0000	    	30.83
9	0.8861 	0.0009 	0.0172	0.0172	-0.0092	+0.0122	-0.0001	+0.0000	+0.0120	+0.0121	-0.0001	    	19.09
10	0.8915 	0.0002 	0.0130	0.0130	-0.0066	+0.0092	-0.0002	-0.0002	+0.0089	+0.0091	-0.0006	    	64.78
11	0.8537 	0.0010 	0.0071	0.0071	-0.0050	+0.0050	+0.0000	+0.0001	+0.0048	+0.0050	+0.0000	    	7.07
12	0.9217 	0.0008 	0.0049	0.0049	-0.0011	+0.0035	-0.0002	-0.0002	+0.0033	+0.0034	+0.0000	    	6.10
13	0.9146 	0.0015 	0.0045	0.0047	-0.0009	+0.0031	-0.0003	-0.0002	+0.0027	+0.0032	-0.0006	    	3.00
14	0.9178 	0.0011 	0.0037	0.0039	-0.0011	+0.0025	-0.0006	-0.0002	+0.0024	+0.0025	-0.0010	    	3.38
15	0.8785 	0.0011 	0.0036	0.0037	-0.0026	+0.0015	-0.0010	-0.0004	+0.0017	+0.0016	-0.0014	    	3.23
16	0.9571 	0.0001 	0.0006	0.0007	-0.0002	+0.0004	-0.0001	-0.0001	+0.0004	+0.0003	-0.0003	    	6.48
17	0.9498 	0.0002 	0.0009	0.0009	-0.0002	+0.0006	-0.0001	-0.0001	+0.0006	+0.0005	-0.0003	    	4.53
18	0.9448 	0.0001 	0.0012	0.0012	-0.0001	+0.0006	+0.0000	+0.0000	+0.0009	+0.0008	-0.0005	    	11.92
19	0.8981 	0.0004 	0.0012	0.0012	-0.0005	+0.0004	-0.0001	-0.0001	+0.0007	+0.0003	-0.0008	    	2.95
20	0.9770 	0.0001 	0.0002	0.0002	+0.0000	+0.0001	+0.0000	+0.0000	+0.0002	+0.0000	+0.0000	    	2.24
21	0.9742 	0.0001 	0.0004	0.0004	+0.0000	+0.0002	+0.0000	+0.0000	+0.0003	+0.0000	+0.0000	    	3.61
22	0.9638 	0.0001 	0.0003	0.0003	-0.0001	+0.0001	+0.0000	+0.0000	+0.0003	+0.0000	+0.0000	    	3.16
23	0.9103 	0.0009 	0.0006	0.0011	-0.0004	+0.0001	+0.0000	-0.0001	+0.0004	+0.0000	-0.0001	    	0.65
24	0.9788 	0.0001 	0.0003	0.0003	+0.0000	+0.0002	+0.0001	+0.0001	+0.0002	+0.0001	+0.0000	    	3.00
25	0.9747 	0.0002 	0.0026	0.0026	+0.0013	+0.0015	+0.0000	+0.0000	+0.0017	+0.0015	+0.0013	    	13.07
26	0.9641 	0.0002 	0.0004	0.0005	-0.0001	+0.0001	+0.0000	+0.0000	+0.0004	+0.0002	+0.0000	    	2.06
27	0.9103 	0.0009 	0.0056	0.0057	-0.0034	+0.0004	+0.0000	+0.0000	-0.0032	-0.0032	-0.0031	    	6.23
28	0.9790 	0.0002 	0.0001	0.0002	-0.0001	+0.0001	+0.0000	+0.0000	+0.0001	+0.0001	+0.0000	    	0.71
29	0.9739 	0.0004 	0.0003	0.0005	-0.0002	+0.0000	-0.0001	-0.0001	+0.0002	+0.0002	-0.0001	    	0.79
30	0.9612 	0.0003 	0.0005	0.0006	+0.0000	+0.0001	-0.0001	+0.0000	+0.0005	+0.0004	-0.0001	    	1.76
31	0.9033 	0.0010 	0.0099	0.0100	-0.0004	+0.0099	+0.0001	+0.0001	+0.0000	+0.0003	+0.0006	    	9.92
32	0.9775 	0.0030 	0.0007	0.0031	+0.0001	+0.0003	+0.0000	-0.0001	+0.0002	+0.0003	-0.0005	    	0.22
33	0.9703 	0.0015 	0.0009	0.0018	-0.0001	+0.0007	+0.0002	+0.0001	+0.0005	+0.0003	-0.0002	    	0.60
34	0.9586 	0.0017 	0.0027	0.0032	-0.0009	+0.0000	+0.0000	+0.0000	+0.0002	-0.0002	-0.0025	    	1.57
35	0.9066 	0.0065 	0.0014	0.0067	-0.0011	+0.0001	+0.0000	-0.0008	+0.0001	-0.0003	+0.0002	    	0.22
Average	error:	0.000908 (stat)	0.005589 (syst)	0.005910 (total)

TnP Configurations 
Event Selection(Data) : (probe_isTracker && tag_HLT_IsoMu24_v==1 && tag_pt > 26 && fabs(tag_eta) < 2.4 && (tag_pfIso04_charged + max(0, tag_pfIso04_neutral+tag_pfIso04_photon-(0.5*tag_pfIso04_sumPU)))/tag_pt < 0.2 && tag_isTight && 60 < pair_mass && pair_mass < 140 && pair_dR > 0.3) 
Event Selection(MC) : (probe_isTracker && tag_HLT_IsoMu24_v==1 && tag_pt > 26 && fabs(tag_eta) < 2.4 && (tag_pfIso04_charged + max(0, tag_pfIso04_neutral+tag_pfIso04_photon-(0.5*tag_pfIso04_sumPU)))/tag_pt < 0.2 && tag_isTight && 60 < pair_mass && pair_mass < 140 && pair_dR > 0.3) 
Passing Probe Condtion : probe_isMedium && probe_miniIso_rhoAll < 0.1 && probe_iso03_sumPt/probe_pt < 0.4 && ( (probe_3DIPerrVTX>0 && probe_3DIPVTX/probe_3DIPerrVTX<3) || probe_3DIPerrVTX==0) && abs(probe_dz) < 0.1 
Input file(Data) : ['/gv0/Users/choij/TnPTrees/muon/Run2016_UL/SingleMuon_2016b.root'] 
Input file(MC) : ['/gv0/Users/choij/TnPTrees/muon/Run2016_UL/DYJetsToMuMu_M-50_TuneCP5_13TeV-powhegMiNNLO-pythia8-photos.root'] 
Binnings : [{'var': 'fabs(probe_eta)', 'type': 'float', 'bins': [0.0, 0.9, 1.2, 2.1, 2.4], 'title': '|#eta_{SC}|'}, {'var': 'probe_pt', 'type': 'float', 'bins': [10.0, 15.0, 20.0, 25.0, 30.0, 40.0, 50.0, 60.0, 120.0, 200.0], 'title': 'p_{T}'}] 
