ibin	Central	Staterr	Systerr	Totalerr  [MassRange]	[MassBin]	[TagIso]	[AltSig]   Syst/Stat
0	0.7949 	0.0039 	0.0200	0.0204	-0.0158	+0.0114	+0.0025	-0.0002	+0.0105	+0.0117	+0.0029	    	5.14
1	0.8180 	0.0044 	0.0153	0.0160	-0.0114	+0.0080	-0.0022	-0.0024	+0.0078	+0.0097	-0.0024	    	3.49
2	0.8316 	0.0020 	0.0077	0.0079	-0.0063	+0.0046	+0.0000	-0.0003	+0.0039	+0.0042	-0.0013	    	3.84
3	0.7796 	0.0041 	0.0108	0.0115	-0.0032	+0.0011	-0.0016	-0.0004	+0.0031	+0.0020	-0.0097	    	2.63
4	0.8370 	0.0017 	0.0226	0.0227	-0.0173	+0.0141	-0.0002	-0.0002	+0.0146	+0.0144	+0.0000	    	13.32
5	0.8491 	0.0034 	0.0194	0.0197	-0.0158	+0.0107	+0.0003	+0.0004	+0.0112	+0.0108	-0.0008	    	5.70
6	0.8518 	0.0010 	0.0147	0.0148	-0.0112	+0.0104	-0.0001	-0.0007	+0.0084	+0.0095	-0.0011	    	14.74
7	0.7933 	0.0028 	0.0112	0.0116	-0.0080	+0.0072	+0.0000	+0.0001	+0.0079	+0.0072	+0.0001	    	4.02
8	0.8663 	0.0009 	0.0165	0.0165	-0.0070	+0.0116	+0.0002	+0.0001	+0.0116	+0.0117	+0.0000	    	18.31
9	0.8664 	0.0017 	0.0183	0.0184	-0.0081	+0.0131	+0.0000	-0.0001	+0.0125	+0.0128	+0.0000	    	10.77
10	0.8719 	0.0012 	0.0145	0.0146	-0.0079	+0.0105	+0.0000	+0.0001	+0.0095	+0.0100	-0.0002	    	12.08
11	0.8162 	0.0020 	0.0107	0.0109	-0.0063	+0.0070	-0.0001	+0.0000	+0.0078	+0.0070	-0.0020	    	5.34
12	0.9045 	0.0005 	0.0028	0.0029	+0.0006	+0.0020	-0.0002	-0.0001	+0.0020	+0.0019	+0.0000	    	5.67
13	0.8981 	0.0010 	0.0031	0.0033	+0.0011	+0.0025	+0.0001	+0.0001	+0.0018	+0.0019	+0.0000	    	3.14
14	0.8982 	0.0007 	0.0048	0.0048	-0.0002	+0.0034	-0.0001	-0.0002	+0.0028	+0.0033	-0.0003	    	6.79
15	0.8424 	0.0016 	0.0050	0.0053	-0.0001	+0.0035	+0.0000	-0.0001	+0.0027	+0.0036	+0.0002	    	3.14
16	0.9453 	0.0002 	0.0001	0.0002	-0.0001	+0.0001	+0.0000	+0.0000	+0.0001	+0.0000	+0.0000	    	0.71
17	0.9377 	0.0002 	0.0000	0.0002	+0.0000	+0.0000	+0.0000	+0.0000	+0.0000	+0.0000	+0.0000	    	0.00
18	0.9304 	0.0002 	0.0004	0.0004	-0.0001	+0.0002	+0.0000	+0.0000	+0.0003	+0.0001	+0.0000	    	1.80
19	0.8665 	0.0007 	0.0006	0.0009	-0.0002	+0.0002	-0.0001	+0.0000	+0.0005	+0.0002	-0.0002	    	0.83
20	0.9668 	0.0001 	0.0003	0.0003	+0.0000	+0.0001	+0.0001	+0.0000	+0.0003	+0.0002	+0.0000	    	3.32
21	0.9636 	0.0002 	0.0002	0.0003	-0.0001	+0.0000	+0.0000	+0.0000	+0.0002	-0.0001	+0.0000	    	1.12
22	0.9517 	0.0003 	0.0004	0.0005	-0.0002	+0.0002	+0.0000	+0.0000	+0.0003	+0.0000	+0.0000	    	1.20
23	0.8798 	0.0007 	0.0008	0.0010	+0.0006	+0.0004	+0.0000	+0.0000	+0.0005	+0.0001	+0.0000	    	1.12
24	0.9692 	0.0003 	0.0004	0.0005	-0.0003	+0.0002	+0.0000	-0.0001	+0.0003	+0.0001	+0.0000	    	1.45
25	0.9658 	0.0005 	0.0005	0.0007	-0.0002	+0.0002	-0.0001	+0.0000	+0.0004	+0.0002	+0.0000	    	0.92
26	0.9530 	0.0004 	0.0006	0.0008	-0.0005	+0.0004	-0.0001	-0.0001	+0.0004	+0.0002	+0.0000	    	1.62
27	0.8841 	0.0012 	0.0069	0.0070	-0.0003	-0.0029	-0.0037	-0.0037	-0.0034	-0.0036	-0.0035	    	5.73
28	0.9691 	0.0004 	0.0003	0.0005	+0.0000	+0.0001	+0.0001	+0.0000	+0.0001	+0.0003	+0.0000	    	0.83
29	0.9631 	0.0006 	0.0014	0.0016	+0.0005	+0.0006	+0.0006	+0.0006	+0.0008	+0.0010	+0.0006	    	2.40
30	0.9493 	0.0006 	0.0007	0.0009	+0.0000	+0.0001	+0.0000	+0.0000	+0.0007	+0.0007	+0.0000	    	1.18
31	0.8705 	0.0020 	0.0017	0.0026	-0.0002	+0.0000	-0.0001	-0.0001	+0.0011	+0.0007	+0.0013	    	0.86
32	0.9676 	0.0015 	0.0005	0.0016	+0.0004	-0.0004	-0.0002	-0.0002	+0.0000	-0.0001	+0.0000	    	0.31
33	0.9613 	0.0030 	0.0077	0.0083	+0.0005	+0.0022	+0.0001	+0.0014	+0.0005	+0.0034	-0.0064	    	2.57
34	0.9403 	0.0024 	0.0007	0.0025	-0.0002	+0.0002	+0.0000	-0.0001	+0.0004	+0.0006	-0.0003	    	0.29
35	0.9009 	0.0117 	0.0052	0.0128	-0.0045	-0.0014	-0.0007	-0.0012	+0.0023	-0.0022	-0.0005	    	0.45
Average	error:	0.001669 (stat)	0.006308 (syst)	0.006801 (total)

TnP Configurations 
Event Selection(Data) : (probe_isTracker && tag_HLT_IsoMu24_v==1 && tag_pt > 26 && fabs(tag_eta) < 2.4 && (tag_pfIso04_charged + max(0, tag_pfIso04_neutral+tag_pfIso04_photon-(0.5*tag_pfIso04_sumPU)))/tag_pt < 0.2 && tag_isTight && 60 < pair_mass && pair_mass < 140 && pair_dR > 0.3) 
Event Selection(MC) : (probe_isTracker && tag_HLT_IsoMu24_v==1 && tag_pt > 26 && fabs(tag_eta) < 2.4 && (tag_pfIso04_charged + max(0, tag_pfIso04_neutral+tag_pfIso04_photon-(0.5*tag_pfIso04_sumPU)))/tag_pt < 0.2 && tag_isTight && 60 < pair_mass && pair_mass < 140 && pair_dR > 0.3) 
Passing Probe Condtion : probe_isMedium && probe_miniIso_rhoAll < 0.1 && probe_iso03_sumPt/probe_pt < 0.4 && ( (probe_3DIPerrVTX>0 && probe_3DIPVTX/probe_3DIPerrVTX<3) || probe_3DIPerrVTX==0) && abs(probe_dz) < 0.1 
Input file(Data) : ['/gv0/Users/choij/TnPTrees/muon/Run2016_UL/SingleMuon_2016b.root'] 
Input file(MC) : ['/gv0/Users/choij/TnPTrees/muon/Run2016_UL/DYJetsToMuMu_M-50_TuneCP5_13TeV-powhegMiNNLO-pythia8-photos.root'] 
Binnings : [{'var': 'fabs(probe_eta)', 'type': 'float', 'bins': [0.0, 0.9, 1.2, 2.1, 2.4], 'title': '|#eta_{SC}|'}, {'var': 'probe_pt', 'type': 'float', 'bins': [10.0, 15.0, 20.0, 25.0, 30.0, 40.0, 50.0, 60.0, 120.0, 200.0], 'title': 'p_{T}'}] 
