ibin	Central	Staterr	Systerr	Totalerr  [MassRange]	[MassBin]	[TagIso]	[AltSig]   Syst/Stat
0	0.7996 	0.0013 	0.0164	0.0164	+0.0101	-0.0163	+0.0012	-0.0006	-0.0006	-0.0002	-0.0011	    	12.61
1	0.8088 	0.0029 	0.0079	0.0084	+0.0078	-0.0060	+0.0013	-0.0003	+0.0006	-0.0002	+0.0000	    	2.73
2	0.8205 	0.0015 	0.0059	0.0061	+0.0011	-0.0058	-0.0004	-0.0009	-0.0002	-0.0001	-0.0002	    	3.92
3	0.7787 	0.0031 	0.0149	0.0152	-0.0011	-0.0043	-0.0007	-0.0005	-0.0025	-0.0013	-0.0140	    	4.80
4	0.8306 	0.0007 	0.0197	0.0197	+0.0150	-0.0197	-0.0001	-0.0002	-0.0004	+0.0000	-0.0010	    	28.19
5	0.8431 	0.0020 	0.0162	0.0163	+0.0116	-0.0161	-0.0016	-0.0002	+0.0004	+0.0001	+0.0000	    	8.09
6	0.8441 	0.0010 	0.0109	0.0110	+0.0066	-0.0103	+0.0003	-0.0001	-0.0001	-0.0001	-0.0036	    	10.92
7	0.7981 	0.0020 	0.0060	0.0064	+0.0048	-0.0052	+0.0000	-0.0002	+0.0010	-0.0005	-0.0029	    	3.02
8	0.8556 	0.0007 	0.0172	0.0172	+0.0153	-0.0172	-0.0004	-0.0001	-0.0002	-0.0002	+0.0000	    	24.58
9	0.8585 	0.0013 	0.0173	0.0174	+0.0150	-0.0173	+0.0003	-0.0002	-0.0010	+0.0000	+0.0000	    	13.33
10	0.8601 	0.0004 	0.0123	0.0123	+0.0098	-0.0123	-0.0005	-0.0001	-0.0004	-0.0002	-0.0004	    	30.81
11	0.8161 	0.0014 	0.0077	0.0078	+0.0052	-0.0077	-0.0004	-0.0002	+0.0000	-0.0002	+0.0001	    	5.51
12	0.8875 	0.0004 	0.0099	0.0099	+0.0099	-0.0032	+0.0000	-0.0001	+0.0003	-0.0003	+0.0000	    	24.76
13	0.8781 	0.0010 	0.0113	0.0114	+0.0113	-0.0040	-0.0004	+0.0000	-0.0002	+0.0000	-0.0002	    	11.31
14	0.8804 	0.0005 	0.0096	0.0096	+0.0096	-0.0039	-0.0004	-0.0002	-0.0001	-0.0002	-0.0003	    	19.23
15	0.8386 	0.0011 	0.0047	0.0049	+0.0047	-0.0025	-0.0003	-0.0002	-0.0002	-0.0003	-0.0004	    	4.31
16	0.9341 	0.0001 	0.0009	0.0009	+0.0009	-0.0002	+0.0000	+0.0000	+0.0002	+0.0000	+0.0000	    	9.22
17	0.9238 	0.0003 	0.0011	0.0012	+0.0011	-0.0004	-0.0001	+0.0000	+0.0002	-0.0001	+0.0000	    	3.74
18	0.9142 	0.0002 	0.0015	0.0015	+0.0015	-0.0003	+0.0000	+0.0000	+0.0001	+0.0000	+0.0000	    	7.52
19	0.8663 	0.0013 	0.0010	0.0016	+0.0009	-0.0005	-0.0002	+0.0000	+0.0001	-0.0002	-0.0003	    	0.76
20	0.9575 	0.0001 	0.0002	0.0002	+0.0000	+0.0001	+0.0000	+0.0000	+0.0001	-0.0001	-0.0001	    	1.73
21	0.9523 	0.0002 	0.0004	0.0004	+0.0002	-0.0001	+0.0000	+0.0000	+0.0003	+0.0000	+0.0000	    	1.80
22	0.9376 	0.0001 	0.0002	0.0003	+0.0001	-0.0001	+0.0000	-0.0001	+0.0002	-0.0001	+0.0000	    	2.45
23	0.8815 	0.0004 	0.0002	0.0004	+0.0001	+0.0000	-0.0001	+0.0000	+0.0001	+0.0000	+0.0000	    	0.43
24	0.9612 	0.0001 	0.0003	0.0003	+0.0003	+0.0000	+0.0000	-0.0001	+0.0000	-0.0001	+0.0000	    	3.32
25	0.9553 	0.0011 	0.0004	0.0012	+0.0001	-0.0002	-0.0003	-0.0002	-0.0001	-0.0002	-0.0001	    	0.39
26	0.9408 	0.0006 	0.0018	0.0019	+0.0001	-0.0003	+0.0000	-0.0001	+0.0001	-0.0002	-0.0018	    	3.06
27	0.8858 	0.0009 	0.0018	0.0020	+0.0000	-0.0002	-0.0006	+0.0000	+0.0017	-0.0001	+0.0000	    	2.02
28	0.9636 	0.0003 	0.0005	0.0006	+0.0004	-0.0002	+0.0001	+0.0001	+0.0003	+0.0000	+0.0000	    	1.70
29	0.9564 	0.0007 	0.0006	0.0009	+0.0005	-0.0006	+0.0002	+0.0000	+0.0001	+0.0000	+0.0000	    	0.91
30	0.9416 	0.0005 	0.0011	0.0012	+0.0005	-0.0005	+0.0000	+0.0007	-0.0001	+0.0000	+0.0007	    	2.23
31	0.8895 	0.0015 	0.0066	0.0068	-0.0023	-0.0035	-0.0040	+0.0003	-0.0024	-0.0031	-0.0024	    	4.40
32	0.9610 	0.0020 	0.0022	0.0030	+0.0008	-0.0004	+0.0003	+0.0002	-0.0003	+0.0000	-0.0020	    	1.10
33	0.9520 	0.0040 	0.0030	0.0050	-0.0004	-0.0001	+0.0009	+0.0002	-0.0007	+0.0003	-0.0027	    	0.74
34	0.9395 	0.0029 	0.0032	0.0043	+0.0004	-0.0007	+0.0020	+0.0002	+0.0014	+0.0001	+0.0020	    	1.11
35	0.8791 	0.0118 	0.0032	0.0122	+0.0004	+0.0012	-0.0027	+0.0007	-0.0006	+0.0003	-0.0011	    	0.27
Average	error:	0.001400 (stat)	0.006068 (syst)	0.006559 (total)

TnP Configurations 
Event Selection(Data) : (probe_isTracker && tag_HLT_IsoMu27_v==1 && tag_pt > 29 && fabs(tag_eta) < 2.4 && (tag_pfIso04_charged + max(0, tag_pfIso04_neutral+tag_pfIso04_photon-(0.5*tag_pfIso04_sumPU)))/tag_pt < 0.2 && tag_isTight && 60 < pair_mass && pair_mass < 140 && pair_dR > 0.3 && pair_probeMultiplicity == 1) 
Event Selection(MC) : (probe_isTracker && tag_HLT_IsoMu27_v==1 && tag_pt > 29 && fabs(tag_eta) < 2.4 && (tag_pfIso04_charged + max(0, tag_pfIso04_neutral+tag_pfIso04_photon-(0.5*tag_pfIso04_sumPU)))/tag_pt < 0.2 && tag_isTight && 60 < pair_mass && pair_mass < 140 && pair_dR > 0.3 && pair_probeMultiplicity == 1) 
Passing Probe Condtion : probe_isMedium && probe_miniIso_rhoAll < 0.1 && probe_iso03_sumPt/probe_pt < 0.4 && ( (probe_3DIPerrVTX>0 && probe_3DIPVTX/probe_3DIPerrVTX<3) || probe_3DIPerrVTX==0) && abs(probe_dz) < 0.1 
Input file(Data) : ['/gv0/Users/choij/TnPTrees/muon/Run2017_UL/SingleMuon_2017.root'] 
Input file(MC) : ['/gv0/Users/choij/TnPTrees/muon/Run2017_UL/DYJetsToMuMu_M-50_massWgtFix_TuneCP5_13TeV-powhegMiNNLO-pythia8-photos.root'] 
Binnings : [{'var': 'fabs(probe_eta)', 'type': 'float', 'bins': [0.0, 0.9, 1.2, 2.1, 2.4], 'title': '|#eta_{SC}|'}, {'var': 'probe_pt', 'type': 'float', 'bins': [10.0, 15.0, 20.0, 25.0, 30.0, 40.0, 50.0, 60.0, 120.0, 200.0], 'title': 'p_{T}'}] 
