ibin	Central	Staterr	Systerr	Totalerr  [MassRange]	[MassBin]	[TagIso]	[AltSig]   Syst/Stat
0	0.8177 	0.0014 	0.0141	0.0141	+0.0108	-0.0140	+0.0014	-0.0003	-0.0003	-0.0003	-0.0001	    	10.05
1	0.8208 	0.0019 	0.0095	0.0097	+0.0064	-0.0094	+0.0014	-0.0003	-0.0006	-0.0002	+0.0000	    	5.01
2	0.8162 	0.0010 	0.0073	0.0074	+0.0047	-0.0072	-0.0001	-0.0002	+0.0001	-0.0004	-0.0011	    	7.30
3	0.7764 	0.0019 	0.0054	0.0058	+0.0014	-0.0054	-0.0003	-0.0002	+0.0000	-0.0006	+0.0000	    	2.86
4	0.8470 	0.0006 	0.0185	0.0185	+0.0165	-0.0185	+0.0000	+0.0001	+0.0001	+0.0002	-0.0001	    	30.84
5	0.8499 	0.0013 	0.0158	0.0158	+0.0115	-0.0157	-0.0011	-0.0002	-0.0005	-0.0002	-0.0005	    	12.12
6	0.8420 	0.0007 	0.0119	0.0119	+0.0078	-0.0110	+0.0003	-0.0002	-0.0001	-0.0003	-0.0045	    	16.99
7	0.8056 	0.0012 	0.0124	0.0124	+0.0047	-0.0115	-0.0003	-0.0002	+0.0000	-0.0004	-0.0045	    	10.30
8	0.8694 	0.0002 	0.0177	0.0177	+0.0177	-0.0157	-0.0001	+0.0003	+0.0004	+0.0002	+0.0000	    	88.54
9	0.8604 	0.0007 	0.0179	0.0180	+0.0148	-0.0174	+0.0044	+0.0002	+0.0001	+0.0002	-0.0001	    	25.64
10	0.8618 	0.0005 	0.0122	0.0122	+0.0096	-0.0122	-0.0006	-0.0003	-0.0002	-0.0003	-0.0005	    	24.46
11	0.8231 	0.0008 	0.0075	0.0076	+0.0056	-0.0068	+0.0032	+0.0002	+0.0001	+0.0000	+0.0000	    	9.39
12	0.9021 	0.0003 	0.0072	0.0072	+0.0072	-0.0046	+0.0001	-0.0001	-0.0001	-0.0001	-0.0001	    	24.01
13	0.8868 	0.0007 	0.0101	0.0102	+0.0088	-0.0047	-0.0030	-0.0026	-0.0028	-0.0025	-0.0029	    	14.48
14	0.8846 	0.0004 	0.0087	0.0087	+0.0087	-0.0035	-0.0002	-0.0003	-0.0001	-0.0002	-0.0005	    	21.80
15	0.8486 	0.0006 	0.0051	0.0052	+0.0051	-0.0025	+0.0001	-0.0002	+0.0003	-0.0003	-0.0006	    	8.58
16	0.9429 	0.0002 	0.0013	0.0013	+0.0013	-0.0005	+0.0000	-0.0001	+0.0001	-0.0002	+0.0000	    	6.60
17	0.9290 	0.0002 	0.0023	0.0023	+0.0022	-0.0005	-0.0001	+0.0000	+0.0005	+0.0000	-0.0001	    	11.30
18	0.9182 	0.0001 	0.0026	0.0026	+0.0025	-0.0005	+0.0005	+0.0001	+0.0006	+0.0003	+0.0000	    	26.19
19	0.8757 	0.0004 	0.0017	0.0018	+0.0016	-0.0002	+0.0001	+0.0001	+0.0003	+0.0000	-0.0006	    	4.34
20	0.9651 	0.0001 	0.0004	0.0004	+0.0002	+0.0000	+0.0000	+0.0000	+0.0003	-0.0001	+0.0000	    	3.61
21	0.9571 	0.0001 	0.0005	0.0005	+0.0002	+0.0000	+0.0000	+0.0000	+0.0004	+0.0000	+0.0001	    	4.58
22	0.9398 	0.0001 	0.0004	0.0004	+0.0002	+0.0000	+0.0000	+0.0000	+0.0003	-0.0001	+0.0000	    	3.61
23	0.8916 	0.0002 	0.0002	0.0003	+0.0001	-0.0001	-0.0001	-0.0001	+0.0001	-0.0001	+0.0000	    	0.87
24	0.9681 	0.0001 	0.0005	0.0005	+0.0001	-0.0004	+0.0000	-0.0001	+0.0001	-0.0002	-0.0001	    	4.69
25	0.9589 	0.0003 	0.0005	0.0005	+0.0002	-0.0001	+0.0000	+0.0001	+0.0004	+0.0000	+0.0000	    	1.53
26	0.9412 	0.0002 	0.0014	0.0014	+0.0010	+0.0007	-0.0002	-0.0002	+0.0002	-0.0003	+0.0009	    	6.96
27	0.8880 	0.0009 	0.0061	0.0062	+0.0001	+0.0000	+0.0039	+0.0000	+0.0047	+0.0001	+0.0000	    	6.79
28	0.9698 	0.0007 	0.0008	0.0011	+0.0001	-0.0008	+0.0000	-0.0001	+0.0001	-0.0001	-0.0001	    	1.17
29	0.9581 	0.0005 	0.0006	0.0008	+0.0004	-0.0002	+0.0004	+0.0000	+0.0002	+0.0000	+0.0002	    	1.26
30	0.9407 	0.0003 	0.0024	0.0024	+0.0005	-0.0001	+0.0003	-0.0023	+0.0006	+0.0003	+0.0000	    	8.10
31	0.8904 	0.0012 	0.0111	0.0111	+0.0015	+0.0005	+0.0073	+0.0001	+0.0005	+0.0082	+0.0000	    	9.23
32	0.9670 	0.0012 	0.0008	0.0014	+0.0002	-0.0001	+0.0006	+0.0001	+0.0005	+0.0001	+0.0000	    	0.67
33	0.9565 	0.0029 	0.0015	0.0033	+0.0008	+0.0005	+0.0011	+0.0001	+0.0001	+0.0003	-0.0006	    	0.52
34	0.9360 	0.0024 	0.0030	0.0039	+0.0011	-0.0030	+0.0002	+0.0001	+0.0001	-0.0001	+0.0002	    	1.26
35	0.9100 	0.0086 	0.0085	0.0121	+0.0025	-0.0024	-0.0037	+0.0003	-0.0038	+0.0001	+0.0062	    	0.99
Average	error:	0.000969 (stat)	0.006333 (syst)	0.006573 (total)

TnP Configurations 
Event Selection(Data) : (probe_isTracker && tag_HLT_IsoMu27_v==1 && tag_pt > 29 && fabs(tag_eta) < 2.4 && (tag_pfIso04_charged + max(0, tag_pfIso04_neutral+tag_pfIso04_photon-(0.5*tag_pfIso04_sumPU)))/tag_pt < 0.2 && tag_isTight && 60 < pair_mass && pair_mass < 140 && pair_dR > 0.3 && pair_probeMultiplicity == 1) 
Event Selection(MC) : (probe_isTracker && tag_HLT_IsoMu27_v==1 && tag_pt > 29 && fabs(tag_eta) < 2.4 && (tag_pfIso04_charged + max(0, tag_pfIso04_neutral+tag_pfIso04_photon-(0.5*tag_pfIso04_sumPU)))/tag_pt < 0.2 && tag_isTight && 60 < pair_mass && pair_mass < 140 && pair_dR > 0.3 && pair_probeMultiplicity == 1) 
Passing Probe Condtion : probe_isMedium && probe_miniIso_rhoAll < 0.1 && probe_iso03_sumPt/probe_pt < 0.4 && ( (probe_3DIPerrVTX>0 && probe_3DIPVTX/probe_3DIPerrVTX<3) || probe_3DIPerrVTX==0) && abs(probe_dz) < 0.1 
Input file(Data) : ['/gv0/Users/choij/TnPTrees/muon/Run2017_UL/SingleMuon_2017.root'] 
Input file(MC) : ['/gv0/Users/choij/TnPTrees/muon/Run2017_UL/DYJetsToMuMu_M-50_massWgtFix_TuneCP5_13TeV-powhegMiNNLO-pythia8-photos.root'] 
Binnings : [{'var': 'fabs(probe_eta)', 'type': 'float', 'bins': [0.0, 0.9, 1.2, 2.1, 2.4], 'title': '|#eta_{SC}|'}, {'var': 'probe_pt', 'type': 'float', 'bins': [10.0, 15.0, 20.0, 25.0, 30.0, 40.0, 50.0, 60.0, 120.0, 200.0], 'title': 'p_{T}'}] 
