ibin	Central	Staterr	Systerr	Totalerr  [MassRange]	[MassBin]	[TagIso]	[AltSig]   Syst/Stat
0	0.8374 	0.0039 	0.0140	0.0145	+0.0117	-0.0137	+0.0019	-0.0005	-0.0014	-0.0009	+0.0017	    	3.59
1	0.8410 	0.0061 	0.0110	0.0126	+0.0107	-0.0093	-0.0020	+0.0011	+0.0014	+0.0006	+0.0007	    	1.80
2	0.8582 	0.0022 	0.0070	0.0074	+0.0018	-0.0069	-0.0014	-0.0002	-0.0001	+0.0000	-0.0002	    	3.20
3	0.8200 	0.0045 	0.0020	0.0049	-0.0004	-0.0019	-0.0005	+0.0005	+0.0003	+0.0003	+0.0002	    	0.44
4	0.8557 	0.0012 	0.0200	0.0200	+0.0162	-0.0200	+0.0000	-0.0002	+0.0002	-0.0005	-0.0004	    	16.68
5	0.8631 	0.0028 	0.0169	0.0172	+0.0119	-0.0169	-0.0011	+0.0000	+0.0006	+0.0006	+0.0000	    	6.05
6	0.8702 	0.0014 	0.0099	0.0100	+0.0091	-0.0097	-0.0011	-0.0001	+0.0007	+0.0000	-0.0014	    	7.06
7	0.8365 	0.0029 	0.0068	0.0074	+0.0036	-0.0062	+0.0014	+0.0004	+0.0010	+0.0006	-0.0022	    	2.34
8	0.8778 	0.0007 	0.0163	0.0163	+0.0141	-0.0163	-0.0005	-0.0002	-0.0002	-0.0001	+0.0000	    	23.30
9	0.8784 	0.0020 	0.0156	0.0157	+0.0152	-0.0156	+0.0004	-0.0001	+0.0002	-0.0004	-0.0005	    	7.81
10	0.8883 	0.0010 	0.0107	0.0108	+0.0097	-0.0107	+0.0003	-0.0001	-0.0001	-0.0005	-0.0005	    	10.73
11	0.8495 	0.0022 	0.0054	0.0058	+0.0044	-0.0052	-0.0010	-0.0001	+0.0007	-0.0009	+0.0004	    	2.45
12	0.9073 	0.0006 	0.0091	0.0091	+0.0090	-0.0039	+0.0009	-0.0001	-0.0003	+0.0000	+0.0008	    	15.14
13	0.9020 	0.0010 	0.0101	0.0102	+0.0101	-0.0046	-0.0002	+0.0000	+0.0001	+0.0000	+0.0000	    	10.10
14	0.9103 	0.0007 	0.0081	0.0081	+0.0081	-0.0036	+0.0002	+0.0001	-0.0004	+0.0001	+0.0000	    	11.59
15	0.8669 	0.0014 	0.0061	0.0062	+0.0059	-0.0003	-0.0004	+0.0000	+0.0006	+0.0001	-0.0013	    	4.35
16	0.9427 	0.0001 	0.0010	0.0011	+0.0010	-0.0001	+0.0001	+0.0000	+0.0003	+0.0000	+0.0000	    	10.49
17	0.9389 	0.0004 	0.0010	0.0011	+0.0010	-0.0003	-0.0001	-0.0001	+0.0002	-0.0001	+0.0000	    	2.56
18	0.9373 	0.0003 	0.0015	0.0016	+0.0015	-0.0004	+0.0000	+0.0000	+0.0003	+0.0000	+0.0000	    	5.10
19	0.8909 	0.0009 	0.0014	0.0017	+0.0013	-0.0008	+0.0001	+0.0000	+0.0001	+0.0001	-0.0005	    	1.56
20	0.9639 	0.0002 	0.0004	0.0005	+0.0003	+0.0001	+0.0000	+0.0000	+0.0003	-0.0001	+0.0000	    	2.12
21	0.9633 	0.0003 	0.0004	0.0005	+0.0002	-0.0001	+0.0001	+0.0000	+0.0003	-0.0001	+0.0000	    	1.25
22	0.9572 	0.0002 	0.0004	0.0004	+0.0002	-0.0001	+0.0001	+0.0000	+0.0003	+0.0000	+0.0001	    	1.94
23	0.9010 	0.0006 	0.0003	0.0007	+0.0002	+0.0001	-0.0001	+0.0000	+0.0002	+0.0000	+0.0001	    	0.53
24	0.9649 	0.0004 	0.0005	0.0006	+0.0004	-0.0002	+0.0000	-0.0001	+0.0000	-0.0002	+0.0000	    	1.15
25	0.9639 	0.0005 	0.0003	0.0006	+0.0002	-0.0003	+0.0000	+0.0000	+0.0001	-0.0001	+0.0000	    	0.63
26	0.9556 	0.0004 	0.0003	0.0005	+0.0003	-0.0002	+0.0001	-0.0001	+0.0001	+0.0000	+0.0000	    	0.83
27	0.8957 	0.0015 	0.0017	0.0023	+0.0007	-0.0001	+0.0012	-0.0001	+0.0007	+0.0001	+0.0008	    	1.17
28	0.9657 	0.0004 	0.0006	0.0007	+0.0004	-0.0004	+0.0001	+0.0004	+0.0002	-0.0002	+0.0000	    	1.50
29	0.9620 	0.0008 	0.0008	0.0012	-0.0001	-0.0008	+0.0001	+0.0000	+0.0002	+0.0001	+0.0000	    	1.04
30	0.9536 	0.0007 	0.0006	0.0009	+0.0006	-0.0004	+0.0000	+0.0001	-0.0001	+0.0001	+0.0000	    	0.88
31	0.9055 	0.0023 	0.0172	0.0173	-0.0088	-0.0082	-0.0002	-0.0089	-0.0089	+0.0003	-0.0077	    	7.47
32	0.9647 	0.0030 	0.0014	0.0033	+0.0013	-0.0005	+0.0000	+0.0000	+0.0004	+0.0006	-0.0001	    	0.48
33	0.9528 	0.0057 	0.0038	0.0068	+0.0018	-0.0001	+0.0008	+0.0001	+0.0032	+0.0003	+0.0000	    	0.66
34	0.9495 	0.0049 	0.0033	0.0059	-0.0015	+0.0000	-0.0001	-0.0003	-0.0012	-0.0029	+0.0005	    	0.68
35	0.8952 	0.0209 	0.0133	0.0248	-0.0082	-0.0073	-0.0029	-0.0005	+0.0026	-0.0016	+0.0097	    	0.64
Average	error:	0.002197 (stat)	0.006097 (syst)	0.006910 (total)

TnP Configurations 
Event Selection(Data) : (probe_isTracker && tag_HLT_IsoMu24_v==1 && tag_pt > 26 && fabs(tag_eta) < 2.4 && (tag_pfIso04_charged + max(0, tag_pfIso04_neutral+tag_pfIso04_photon-(0.5*tag_pfIso04_sumPU)))/tag_pt < 0.2 && tag_isTight && 60 < pair_mass && pair_mass < 140 && pair_dR > 0.3 && pair_probeMultiplicity == 1) 
Event Selection(MC) : (probe_isTracker && tag_HLT_IsoMu24_v==1 && tag_pt > 26 && fabs(tag_eta) < 2.4 && (tag_pfIso04_charged + max(0, tag_pfIso04_neutral+tag_pfIso04_photon-(0.5*tag_pfIso04_sumPU)))/tag_pt < 0.2 && tag_isTight && 60 < pair_mass && pair_mass < 140 && pair_dR > 0.3 && pair_probeMultiplicity == 1) 
Passing Probe Condtion : probe_CutBasedIdMedium && probe_miniIso_rhoAll < 0.1 && probe_iso03_sumPt/probe_pt < 0.4 && ( (probe_3DIPerrVTX>0 && probe_3DIPVTX/probe_3DIPerrVTX<3) || probe_3DIPerrVTX==0) && abs(probe_dz) < 0.1 
Input file(Data) : ['/gv0/Users/choij/TnPTrees/muon/Run2016_UL_HIPM/SingleMuon_2016a.root'] 
Input file(MC) : ['/gv0/Users/choij/TnPTrees/muon/Run2016_UL_HIPM/DYJetsToMuMu_M-50_TuneCP5_13TeV-powhegMiNNLO-pythia8-photos.root'] 
Binnings : [{'var': 'fabs(probe_eta)', 'type': 'float', 'bins': [0.0, 0.9, 1.2, 2.1, 2.4], 'title': '|#eta_{SC}|'}, {'var': 'probe_pt', 'type': 'float', 'bins': [10.0, 15.0, 20.0, 25.0, 30.0, 40.0, 50.0, 60.0, 120.0, 200.0], 'title': 'p_{T}'}] 
