ibin	Central	Staterr	Systerr	Totalerr  [MassRange]	[MassBin]	[TagIso]	[AltSig]   Syst/Stat
0	0.8421 	0.0017 	0.0153	0.0154	+0.0098	-0.0153	-0.0003	-0.0003	-0.0001	-0.0002	+0.0000	    	9.00
1	0.8557 	0.0022 	0.0101	0.0103	+0.0069	-0.0100	-0.0013	-0.0005	+0.0001	-0.0004	-0.0002	    	4.59
2	0.8624 	0.0011 	0.0074	0.0075	+0.0055	-0.0073	-0.0009	-0.0002	+0.0000	-0.0005	-0.0001	    	6.70
3	0.8140 	0.0021 	0.0041	0.0046	+0.0032	-0.0040	-0.0003	-0.0003	+0.0009	-0.0007	-0.0003	    	1.96
4	0.8693 	0.0009 	0.0245	0.0245	+0.0131	-0.0245	-0.0003	-0.0002	-0.0002	-0.0002	-0.0001	    	27.23
5	0.8810 	0.0014 	0.0205	0.0206	+0.0118	-0.0199	-0.0007	-0.0003	-0.0002	-0.0003	-0.0049	    	14.65
6	0.8855 	0.0008 	0.0099	0.0099	+0.0082	-0.0098	-0.0006	-0.0001	+0.0000	-0.0001	-0.0008	    	12.31
7	0.8397 	0.0015 	0.0065	0.0067	+0.0047	-0.0064	+0.0011	-0.0002	-0.0001	-0.0005	+0.0000	    	4.34
8	0.8879 	0.0004 	0.0141	0.0141	+0.0133	-0.0141	-0.0002	+0.0002	+0.0003	+0.0003	+0.0000	    	35.26
9	0.8972 	0.0009 	0.0150	0.0150	+0.0126	-0.0144	+0.0006	-0.0001	-0.0002	-0.0001	-0.0042	    	16.68
10	0.9045 	0.0005 	0.0103	0.0103	+0.0084	-0.0103	+0.0004	-0.0002	-0.0001	-0.0003	-0.0006	    	20.66
11	0.8608 	0.0011 	0.0058	0.0059	+0.0050	-0.0057	-0.0007	-0.0001	+0.0005	-0.0004	-0.0005	    	5.26
12	0.9177 	0.0002 	0.0086	0.0086	+0.0086	-0.0044	-0.0001	-0.0002	-0.0003	-0.0001	-0.0001	    	43.04
13	0.9173 	0.0006 	0.0102	0.0102	+0.0102	-0.0040	-0.0002	-0.0001	-0.0006	-0.0001	-0.0001	    	17.03
14	0.9230 	0.0002 	0.0074	0.0074	+0.0074	-0.0030	+0.0004	-0.0001	-0.0001	-0.0001	-0.0004	    	37.11
15	0.8836 	0.0010 	0.0042	0.0043	+0.0040	-0.0015	-0.0004	-0.0001	+0.0003	-0.0001	-0.0010	    	4.15
16	0.9516 	0.0001 	0.0012	0.0012	+0.0012	-0.0006	+0.0000	-0.0001	+0.0001	-0.0001	-0.0002	    	12.25
17	0.9496 	0.0002 	0.0021	0.0022	+0.0021	-0.0004	+0.0000	+0.0002	+0.0004	+0.0001	+0.0000	    	10.74
18	0.9467 	0.0001 	0.0020	0.0020	+0.0020	-0.0006	+0.0001	+0.0002	+0.0002	+0.0001	-0.0003	    	20.42
19	0.9005 	0.0004 	0.0019	0.0019	+0.0016	-0.0004	+0.0001	+0.0000	+0.0005	+0.0000	-0.0008	    	4.65
20	0.9713 	0.0001 	0.0003	0.0003	+0.0002	-0.0001	+0.0000	+0.0000	+0.0002	-0.0001	+0.0000	    	2.83
21	0.9731 	0.0001 	0.0004	0.0004	+0.0003	-0.0001	+0.0001	+0.0000	+0.0003	+0.0000	+0.0000	    	4.36
22	0.9645 	0.0001 	0.0005	0.0005	+0.0003	+0.0000	+0.0001	+0.0001	+0.0004	+0.0000	+0.0000	    	5.10
23	0.9130 	0.0003 	0.0009	0.0009	+0.0005	+0.0001	-0.0001	+0.0002	+0.0007	+0.0001	+0.0000	    	2.94
24	0.9735 	0.0001 	0.0008	0.0008	+0.0002	-0.0008	+0.0000	-0.0001	+0.0001	-0.0001	+0.0000	    	8.12
25	0.9743 	0.0003 	0.0010	0.0011	+0.0001	-0.0010	-0.0001	-0.0001	+0.0002	-0.0002	-0.0001	    	3.43
26	0.9650 	0.0002 	0.0015	0.0015	+0.0003	-0.0003	+0.0001	+0.0000	+0.0003	-0.0001	-0.0014	    	7.33
27	0.9075 	0.0007 	0.0063	0.0064	+0.0063	+0.0001	+0.0004	+0.0000	+0.0003	+0.0001	+0.0001	    	9.03
28	0.9740 	0.0002 	0.0011	0.0011	+0.0002	-0.0011	+0.0001	+0.0000	+0.0001	-0.0001	+0.0000	    	5.55
29	0.9731 	0.0004 	0.0016	0.0017	+0.0004	-0.0016	+0.0000	-0.0002	-0.0001	-0.0002	-0.0001	    	4.07
30	0.9633 	0.0003 	0.0007	0.0007	+0.0002	-0.0006	+0.0000	+0.0000	+0.0003	-0.0001	+0.0000	    	2.24
31	0.9085 	0.0012 	0.0011	0.0016	+0.0007	+0.0003	-0.0001	+0.0001	+0.0006	+0.0001	+0.0006	    	0.92
32	0.9746 	0.0012 	0.0005	0.0013	+0.0002	+0.0000	-0.0002	-0.0001	+0.0001	-0.0004	-0.0001	    	0.42
33	0.9692 	0.0030 	0.0018	0.0035	+0.0012	-0.0007	+0.0002	+0.0002	+0.0009	+0.0000	-0.0010	    	0.60
34	0.9638 	0.0071 	0.0010	0.0072	-0.0001	+0.0004	-0.0005	+0.0001	+0.0005	-0.0002	-0.0005	    	0.13
35	0.9190 	0.0116 	0.0103	0.0155	-0.0040	-0.0023	-0.0052	-0.0002	+0.0026	+0.0003	+0.0075	    	0.89
Average	error:	0.001231 (stat)	0.005861 (syst)	0.006314 (total)

TnP Configurations 
Event Selection(Data) : (probe_isTracker && tag_HLT_IsoMu24_v==1 && tag_pt > 26 && fabs(tag_eta) < 2.4 && (tag_pfIso04_charged + max(0, tag_pfIso04_neutral+tag_pfIso04_photon-(0.5*tag_pfIso04_sumPU)))/tag_pt < 0.2 && tag_isTight && 60 < pair_mass && pair_mass < 140 && pair_dR > 0.3 && pair_probeMultiplicity == 1) 
Event Selection(MC) : (probe_isTracker && tag_HLT_IsoMu24_v==1 && tag_pt > 26 && fabs(tag_eta) < 2.4 && (tag_pfIso04_charged + max(0, tag_pfIso04_neutral+tag_pfIso04_photon-(0.5*tag_pfIso04_sumPU)))/tag_pt < 0.2 && tag_isTight && 60 < pair_mass && pair_mass < 140 && pair_dR > 0.3 && pair_probeMultiplicity == 1) 
Passing Probe Condtion : probe_CutBasedIdMedium && probe_miniIso_rhoAll < 0.1 && probe_iso03_sumPt/probe_pt < 0.4 && ( (probe_3DIPerrVTX>0 && probe_3DIPVTX/probe_3DIPerrVTX<3) || probe_3DIPerrVTX==0) && abs(probe_dz) < 0.1 
Input file(Data) : ['/gv0/Users/choij/TnPTrees/muon/Run2016_UL_HIPM/SingleMuon_2016a.root'] 
Input file(MC) : ['/gv0/Users/choij/TnPTrees/muon/Run2016_UL_HIPM/DYJetsToMuMu_M-50_TuneCP5_13TeV-powhegMiNNLO-pythia8-photos.root'] 
Binnings : [{'var': 'fabs(probe_eta)', 'type': 'float', 'bins': [0.0, 0.9, 1.2, 2.1, 2.4], 'title': '|#eta_{SC}|'}, {'var': 'probe_pt', 'type': 'float', 'bins': [10.0, 15.0, 20.0, 25.0, 30.0, 40.0, 50.0, 60.0, 120.0, 200.0], 'title': 'p_{T}'}] 
