ibin	Central	Staterr	Systerr	Totalerr  [MassRange]	[MassBin]	[TagIso]	[AltSig]   Syst/Stat
0	0.9630 	0.0000 	0.0005	0.0005	+0.0000	+0.0004	-0.0003	+0.0001	-0.0001	+0.0001	+0.0000	    
1	0.9882 	0.0000 	0.0001	0.0001	-0.0001	-0.0001	+0.0000	+0.0000	+0.0001	-0.0001	+0.0000	    
2	0.9645 	0.0000 	0.0004	0.0004	+0.0002	+0.0001	-0.0001	+0.0000	-0.0001	+0.0002	+0.0002	    
3	0.9565 	0.0000 	0.0006	0.0006	-0.0005	-0.0001	-0.0001	+0.0000	-0.0001	+0.0001	-0.0002	    
4	0.9654 	0.0000 	0.0005	0.0005	-0.0003	-0.0003	-0.0004	+0.0000	+0.0000	-0.0001	+0.0000	    
5	0.9900 	0.0000 	0.0003	0.0003	-0.0001	+0.0000	-0.0001	-0.0001	-0.0002	-0.0001	-0.0001	    
6	0.9667 	0.0000 	0.0004	0.0004	-0.0001	-0.0002	-0.0002	-0.0002	-0.0002	-0.0001	-0.0002	    
7	0.9620 	0.0000 	0.0008	0.0008	-0.0004	-0.0005	-0.0004	-0.0001	-0.0002	-0.0002	-0.0005	    
8	0.9655 	0.0000 	0.0003	0.0003	+0.0003	+0.0001	+0.0000	+0.0000	+0.0001	+0.0000	+0.0000	    
9	0.9909 	0.0000 	0.0003	0.0003	+0.0001	+0.0000	+0.0001	+0.0001	+0.0002	+0.0000	+0.0001	    
10	0.9675 	0.0000 	0.0003	0.0003	+0.0002	+0.0001	+0.0001	+0.0001	+0.0001	+0.0001	+0.0001	    
11	0.9634 	0.0000 	0.0006	0.0006	+0.0001	+0.0000	-0.0001	+0.0004	+0.0004	+0.0002	+0.0002	    
12	0.9666 	0.0000 	0.0001	0.0001	+0.0000	+0.0000	-0.0001	+0.0000	+0.0000	+0.0000	+0.0000	    
13	0.9911 	0.0000 	0.0001	0.0001	+0.0000	+0.0000	+0.0001	+0.0000	+0.0000	+0.0000	+0.0000	    
14	0.9681 	0.0000 	0.0002	0.0002	-0.0001	+0.0000	+0.0000	+0.0000	+0.0001	+0.0000	+0.0001	    
15	0.9662 	0.0000 	0.0004	0.0004	-0.0001	-0.0003	-0.0003	+0.0000	+0.0000	-0.0001	+0.0000	    
16	0.9659 	0.0000 	0.0001	0.0001	-0.0001	+0.0000	+0.0000	+0.0000	-0.0001	+0.0000	+0.0000	    
17	0.9909 	0.0000 	0.0001	0.0001	+0.0000	+0.0000	+0.0000	+0.0001	+0.0001	+0.0000	+0.0000	    
18	0.9692 	0.0000 	0.0005	0.0005	-0.0002	-0.0002	-0.0002	-0.0003	-0.0003	-0.0003	-0.0002	    
19	0.9660 	0.0000 	0.0005	0.0005	+0.0000	-0.0001	-0.0004	+0.0001	+0.0002	+0.0001	-0.0001	    
20	0.9648 	0.0000 	0.0000	0.0000	+0.0000	+0.0000	+0.0000	+0.0000	+0.0000	+0.0000	+0.0000	    
21	0.9910 	0.0000 	0.0000	0.0000	+0.0000	+0.0000	+0.0000	+0.0000	+0.0000	+0.0000	+0.0000	    
22	0.9695 	0.0000 	0.0000	0.0000	+0.0000	+0.0000	+0.0000	+0.0000	+0.0000	+0.0000	+0.0000	    
23	0.9660 	0.0000 	0.0001	0.0001	+0.0000	+0.0001	+0.0000	+0.0000	+0.0000	+0.0000	+0.0000	    
24	0.9638 	0.0000 	0.0001	0.0001	+0.0000	+0.0000	+0.0000	+0.0000	-0.0001	-0.0001	-0.0001	    
25	0.9909 	0.0000 	0.0002	0.0002	+0.0001	+0.0001	+0.0001	+0.0001	+0.0000	+0.0001	+0.0000	    
26	0.9702 	0.0000 	0.0001	0.0001	+0.0001	+0.0001	+0.0000	+0.0000	+0.0000	+0.0000	+0.0000	    
27	0.9659 	0.0000 	0.0006	0.0006	-0.0004	+0.0000	-0.0003	-0.0003	-0.0003	-0.0003	-0.0002	    
28	0.9599 	0.0000 	0.0008	0.0008	+0.0000	+0.0002	+0.0008	+0.0001	-0.0001	+0.0000	+0.0000	    
29	0.9893 	0.0000 	0.0002	0.0002	+0.0000	-0.0001	-0.0001	+0.0000	-0.0001	-0.0002	+0.0000	    
30	0.9711 	0.0000 	0.0002	0.0002	+0.0000	+0.0001	-0.0001	+0.0001	+0.0001	+0.0001	+0.0000	    
31	0.9682 	0.0000 	0.0011	0.0011	+0.0003	+0.0002	-0.0010	+0.0001	+0.0004	+0.0001	-0.0001	    
Average	error:	0.000000 (stat)	0.000331 (syst)	0.000331 (total)

TnP Configurations 
Event Selection(Data) : ( (probe_isMedium && probe_miniIso_rhoAll < 0.1 && probe_iso03_sumPt/probe_pt < 0.4 && ( (probe_3DIPerrVTX > 0 && probe_3DIPVTX/probe_3DIPerrVTX < 3) || probe_3DIPerrVTX == 0) ) && tag_isTight && tag_HLT_IsoMu24_v==1 && tag_pt > 26 && fabs(tag_eta) < 2.4 && (tag_pfIso04_charged + max(0, tag_pfIso04_neutral+tag_pfIso04_photon-(0.5*tag_pfIso04_sumPU)))/tag_pt < 0.15 && 60 < pair_mass && pair_mass < 140 && pair_dR > 0.3) 
Event Selection(MC) : ( (probe_isMedium && probe_miniIso_rhoAll < 0.1 && probe_iso03_sumPt/probe_pt < 0.4 && ( (probe_3DIPerrVTX > 0 && probe_3DIPVTX/probe_3DIPerrVTX < 3) || probe_3DIPerrVTX == 0) ) && tag_isTight && tag_HLT_IsoMu24_v==1 && tag_pt > 26 && fabs(tag_eta) < 2.4 && (tag_pfIso04_charged + max(0, tag_pfIso04_neutral+tag_pfIso04_photon-(0.5*tag_pfIso04_sumPU)))/tag_pt < 0.15 && 60 < pair_mass && pair_mass < 140 && pair_dR > 0.3)*(genWeight) 
Passing Probe Condtion : (probe_isMedium && probe_miniIso_rhoAll < 0.1 && probe_iso03_sumPt/probe_pt < 0.4 && ( (probe_3DIPerrVTX > 0 && probe_3DIPVTX/probe_3DIPerrVTX < 3) || probe_3DIPerrVTX == 0) ) && (probe_hltDiMuonGlb17Glb8RelTrkIsoFiltered0p4_dr<0.3 || probe_hltDiMuonGlb17Trk8RelTrkIsoFiltered0p4_dr<0.3 || probe_hltDiMuonTrk17Trk8RelTrkIsoFiltered0p4_dr<0.3) 
Input file(Data) : ['/gv0/Users/choij/TnPTrees/v220707/muon/Run2016_UL/SingleMuon_2016b.root'] 
Input file(MC) : ['/gv0/Users/choij/TnPTrees/v220707/muon/Run2016_UL/DYJetsToMuMu_M-50_TuneCP5_13TeV-powhegMiNNLO-pythia8-photos.root'] 
Binnings : [{'var': 'fabs(probe_eta)', 'type': 'float', 'bins': [0.0, 0.9, 1.2, 2.1, 2.4], 'title': '|#eta_{SC}|'}, {'var': 'probe_pt', 'type': 'float', 'bins': [10.0, 15.0, 20.0, 25.0, 30.0, 40.0, 50.0, 100.0, 200.0], 'title': 'p_{T}'}] 
