ibin	Central	Staterr	Systerr	Totalerr  [MassRange]	[MassBin]	[TagIso]	[AltSig]   Syst/Stat
0	0.8492 	0.0000 	0.0143	0.0143	+0.0110	-0.0143	-0.0001	-0.0003	-0.0003	+0.0001	+0.0000	    
1	0.8611 	0.0000 	0.0102	0.0102	+0.0062	-0.0101	-0.0015	-0.0001	-0.0001	-0.0003	+0.0000	    
2	0.8589 	0.0000 	0.0075	0.0075	+0.0044	-0.0074	+0.0004	-0.0003	+0.0003	+0.0000	-0.0013	    
3	0.8014 	0.0000 	0.0040	0.0040	+0.0016	-0.0038	-0.0006	-0.0001	+0.0010	-0.0003	+0.0000	    
4	0.8808 	0.0000 	0.0173	0.0173	+0.0133	-0.0173	-0.0004	-0.0001	+0.0001	-0.0004	-0.0001	    
5	0.8910 	0.0000 	0.0141	0.0141	+0.0102	-0.0141	-0.0001	-0.0003	+0.0001	-0.0001	-0.0009	    
6	0.8860 	0.0000 	0.0100	0.0100	+0.0076	-0.0100	+0.0002	-0.0001	+0.0002	+0.0000	-0.0008	    
7	0.8247 	0.0000 	0.0061	0.0061	+0.0042	-0.0060	-0.0004	-0.0001	+0.0007	-0.0002	-0.0004	    
8	0.8980 	0.0000 	0.0130	0.0130	+0.0129	-0.0130	+0.0000	+0.0002	+0.0002	+0.0003	+0.0000	    
9	0.9045 	0.0000 	0.0155	0.0155	+0.0119	-0.0139	-0.0049	-0.0002	+0.0000	-0.0003	-0.0047	    
10	0.9041 	0.0000 	0.0086	0.0086	+0.0077	-0.0086	+0.0005	-0.0001	-0.0001	-0.0001	-0.0004	    
11	0.8448 	0.0000 	0.0053	0.0053	+0.0053	-0.0052	+0.0004	-0.0002	-0.0001	-0.0002	-0.0002	    
12	0.9271 	0.0000 	0.0062	0.0062	+0.0062	-0.0040	+0.0001	-0.0001	-0.0002	-0.0001	-0.0001	    
13	0.9216 	0.0000 	0.0069	0.0069	+0.0069	-0.0039	-0.0006	+0.0000	-0.0004	+0.0002	-0.0003	    
14	0.9220 	0.0000 	0.0064	0.0064	+0.0064	-0.0028	+0.0000	-0.0002	+0.0001	+0.0000	-0.0005	    
15	0.8665 	0.0000 	0.0037	0.0037	+0.0036	-0.0012	-0.0003	-0.0002	+0.0005	-0.0002	-0.0007	    
16	0.9590 	0.0000 	0.0013	0.0013	+0.0013	-0.0005	+0.0001	+0.0000	+0.0001	+0.0000	-0.0001	    
17	0.9528 	0.0000 	0.0020	0.0020	+0.0020	-0.0006	-0.0003	+0.0000	-0.0001	+0.0000	-0.0002	    
18	0.9448 	0.0000 	0.0023	0.0023	+0.0022	-0.0005	+0.0002	+0.0003	+0.0005	+0.0003	-0.0001	    
19	0.8845 	0.0000 	0.0016	0.0016	+0.0014	-0.0004	+0.0000	-0.0004	+0.0002	-0.0002	-0.0005	    
20	0.9780 	0.0000 	0.0002	0.0002	+0.0002	-0.0001	-0.0001	-0.0001	+0.0001	-0.0001	+0.0000	    
21	0.9753 	0.0000 	0.0002	0.0002	+0.0002	-0.0001	+0.0000	-0.0001	+0.0001	-0.0001	+0.0000	    
22	0.9628 	0.0000 	0.0004	0.0004	+0.0001	-0.0003	-0.0001	-0.0001	+0.0001	-0.0002	-0.0001	    
23	0.9001 	0.0000 	0.0004	0.0004	+0.0002	-0.0001	+0.0000	+0.0001	+0.0002	+0.0001	-0.0002	    
24	0.9804 	0.0000 	0.0002	0.0002	+0.0001	-0.0001	-0.0001	+0.0000	+0.0001	-0.0001	+0.0000	    
25	0.9779 	0.0000 	0.0005	0.0005	+0.0003	-0.0002	-0.0003	+0.0000	+0.0001	-0.0001	-0.0002	    
26	0.9650 	0.0000 	0.0004	0.0004	+0.0003	-0.0002	-0.0002	-0.0002	+0.0001	+0.0000	+0.0000	    
27	0.9032 	0.0000 	0.0032	0.0032	-0.0031	-0.0001	+0.0006	+0.0001	+0.0000	-0.0002	+0.0000	    
28	0.9812 	0.0000 	0.0002	0.0002	+0.0001	-0.0001	-0.0001	+0.0000	+0.0001	-0.0001	+0.0000	    
29	0.9769 	0.0000 	0.0004	0.0004	+0.0002	-0.0004	+0.0000	+0.0000	+0.0000	-0.0001	+0.0000	    
30	0.9647 	0.0000 	0.0024	0.0024	+0.0005	-0.0003	-0.0023	+0.0002	+0.0006	-0.0001	+0.0000	    
31	0.9032 	0.0000 	0.0045	0.0045	-0.0006	+0.0002	+0.0044	+0.0001	-0.0001	-0.0003	+0.0003	    
32	0.9817 	0.0000 	0.0010	0.0010	+0.0003	-0.0003	+0.0009	+0.0002	+0.0004	-0.0002	-0.0001	    
33	0.9723 	0.0000 	0.0016	0.0016	-0.0005	+0.0000	+0.0010	-0.0009	-0.0009	-0.0004	-0.0006	    
34	0.9641 	0.0000 	0.0021	0.0021	+0.0007	+0.0003	+0.0017	+0.0004	+0.0011	+0.0005	-0.0001	    
35	0.9221 	0.0000 	0.0067	0.0067	+0.0017	-0.0012	-0.0023	+0.0000	+0.0000	+0.0058	-0.0017	    
Average	error:	0.000000 (stat)	0.005022 (syst)	0.005022 (total)

TnP Configurations 
Event Selection(Data) : (probe_isTracker && tag_HLT_IsoMu24_v==1 && tag_pt > 26 && fabs(tag_eta) < 2.4 && (tag_pfIso04_charged + max(0, tag_pfIso04_neutral+tag_pfIso04_photon-(0.5*tag_pfIso04_sumPU)))/tag_pt < 0.2 && tag_isTight && 60 < pair_mass && pair_mass < 140 && pair_dR > 0.3 && pair_probeMultiplicity == 1) 
Event Selection(MC) : (probe_isTracker && tag_HLT_IsoMu24_v==1 && tag_pt > 26 && fabs(tag_eta) < 2.4 && (tag_pfIso04_charged + max(0, tag_pfIso04_neutral+tag_pfIso04_photon-(0.5*tag_pfIso04_sumPU)))/tag_pt < 0.2 && tag_isTight && 60 < pair_mass && pair_mass < 140 && pair_dR > 0.3 && pair_probeMultiplicity == 1)*(genWeight) 
Passing Probe Condtion : probe_isMedium && probe_miniIso_rhoAll < 0.1 && probe_iso03_sumPt/probe_pt < 0.4 && ( (probe_3DIPerrVTX>0 && probe_3DIPVTX/probe_3DIPerrVTX<3) || probe_3DIPerrVTX==0) && abs(probe_dz) < 0.1 
Input file(Data) : ['/gv0/Users/choij/TnPTrees/v220707/muon/Run2016_UL/SingleMuon_2016b.root'] 
Input file(MC) : ['/gv0/Users/choij/TnPTrees/v220707/muon/Run2016_UL/DYJetsToMuMu_M-50_TuneCP5_13TeV-powhegMiNNLO-pythia8-photos.root'] 
Binnings : [{'var': 'fabs(probe_eta)', 'type': 'float', 'bins': [0.0, 0.9, 1.2, 2.1, 2.4], 'title': '|#eta_{SC}|'}, {'var': 'probe_pt', 'type': 'float', 'bins': [10.0, 15.0, 20.0, 25.0, 30.0, 40.0, 50.0, 60.0, 120.0, 200.0], 'title': 'p_{T}'}] 
