ibin	Central	Staterr	Systerr	Totalerr  [MassRange]	[MassBin]	[TagIso]	[AltSig]   Syst/Stat
0	0.8332 	0.0034 	0.0181	0.0184	+0.0138	-0.0180	+0.0001	-0.0008	-0.0010	-0.0008	-0.0011	    	5.32
1	0.8455 	0.0038 	0.0112	0.0118	+0.0080	-0.0108	+0.0000	-0.0003	-0.0025	-0.0021	-0.0012	    	2.94
2	0.8432 	0.0017 	0.0070	0.0072	+0.0045	-0.0059	+0.0002	-0.0002	-0.0005	-0.0008	-0.0037	    	4.13
3	0.7759 	0.0045 	0.0107	0.0116	-0.0003	-0.0039	-0.0011	+0.0017	+0.0026	+0.0006	-0.0095	    	2.38
4	0.8615 	0.0015 	0.0186	0.0187	+0.0162	-0.0185	-0.0009	+0.0015	+0.0004	+0.0018	+0.0000	    	12.43
5	0.8727 	0.0019 	0.0161	0.0162	+0.0127	-0.0160	+0.0005	-0.0003	+0.0013	-0.0003	+0.0000	    	8.45
6	0.8680 	0.0016 	0.0121	0.0122	+0.0083	-0.0119	+0.0002	-0.0002	-0.0014	+0.0000	-0.0015	    	7.55
7	0.7923 	0.0029 	0.0066	0.0072	+0.0053	-0.0063	+0.0002	+0.0004	+0.0019	+0.0006	-0.0008	    	2.29
8	0.8833 	0.0012 	0.0147	0.0148	+0.0146	-0.0138	+0.0001	+0.0009	-0.0009	+0.0009	+0.0012	    	12.25
9	0.8861 	0.0024 	0.0168	0.0169	+0.0141	-0.0166	-0.0014	-0.0003	-0.0018	-0.0002	+0.0000	    	6.98
10	0.8842 	0.0006 	0.0116	0.0116	+0.0081	-0.0116	+0.0002	-0.0002	-0.0002	-0.0001	+0.0001	    	19.34
11	0.8109 	0.0011 	0.0066	0.0067	+0.0065	-0.0063	+0.0001	-0.0001	+0.0012	-0.0003	-0.0006	    	6.03
12	0.9115 	0.0006 	0.0091	0.0091	+0.0091	-0.0027	+0.0002	-0.0001	+0.0000	-0.0002	+0.0000	    	15.17
13	0.9070 	0.0010 	0.0103	0.0104	+0.0103	-0.0023	+0.0001	+0.0001	+0.0003	+0.0000	+0.0000	    	10.30
14	0.9028 	0.0007 	0.0079	0.0079	+0.0079	-0.0039	+0.0000	+0.0000	+0.0000	-0.0001	-0.0001	    	11.29
15	0.8321 	0.0058 	0.0040	0.0071	+0.0039	-0.0016	-0.0009	-0.0002	-0.0001	+0.0001	-0.0006	    	0.70
16	0.9488 	0.0002 	0.0009	0.0009	+0.0009	-0.0002	+0.0000	+0.0000	+0.0001	-0.0001	+0.0000	    	4.53
17	0.9426 	0.0004 	0.0009	0.0010	+0.0009	+0.0001	+0.0001	+0.0000	+0.0001	+0.0000	+0.0000	    	2.28
18	0.9322 	0.0003 	0.0011	0.0012	+0.0011	-0.0002	-0.0001	+0.0000	+0.0002	+0.0000	+0.0000	    	3.74
19	0.8559 	0.0007 	0.0010	0.0013	+0.0010	-0.0007	+0.0001	+0.0000	+0.0003	+0.0001	+0.0000	    	1.50
20	0.9688 	0.0001 	0.0003	0.0003	+0.0002	+0.0001	+0.0001	+0.0000	+0.0002	+0.0000	+0.0000	    	3.00
21	0.9660 	0.0003 	0.0002	0.0004	+0.0001	-0.0001	+0.0000	+0.0000	+0.0002	-0.0001	+0.0000	    	0.75
22	0.9524 	0.0002 	0.0003	0.0004	+0.0001	-0.0002	-0.0002	+0.0000	+0.0002	-0.0002	+0.0000	    	1.73
23	0.8725 	0.0010 	0.0006	0.0011	+0.0001	-0.0001	-0.0001	+0.0002	+0.0005	-0.0001	-0.0001	    	0.56
24	0.9709 	0.0004 	0.0004	0.0005	+0.0003	-0.0002	-0.0001	-0.0001	+0.0001	-0.0002	+0.0000	    	0.94
25	0.9685 	0.0006 	0.0005	0.0008	+0.0002	+0.0000	+0.0000	+0.0001	+0.0004	+0.0001	+0.0000	    	0.76
26	0.9540 	0.0005 	0.0005	0.0007	+0.0002	-0.0002	-0.0004	-0.0002	+0.0000	-0.0001	-0.0001	    	0.94
27	0.8743 	0.0014 	0.0044	0.0046	+0.0001	+0.0043	+0.0007	-0.0001	+0.0008	-0.0002	+0.0002	    	3.17
28	0.9728 	0.0004 	0.0004	0.0006	+0.0001	-0.0003	-0.0002	-0.0001	-0.0002	-0.0001	-0.0001	    	1.06
29	0.9677 	0.0010 	0.0007	0.0012	+0.0007	-0.0004	+0.0000	+0.0001	-0.0002	+0.0002	+0.0000	    	0.73
30	0.9546 	0.0007 	0.0009	0.0012	+0.0002	-0.0006	-0.0005	+0.0000	+0.0003	+0.0000	+0.0004	    	1.32
31	0.8865 	0.0024 	0.0199	0.0200	-0.0099	-0.0100	-0.0111	-0.0094	-0.0101	-0.0095	-0.0084	    	8.29
32	0.9787 	0.0037 	0.0058	0.0069	+0.0013	-0.0007	+0.0004	+0.0009	+0.0017	+0.0001	-0.0053	    	1.56
33	0.9618 	0.0083 	0.0052	0.0098	-0.0016	-0.0030	-0.0002	-0.0020	+0.0033	-0.0023	-0.0018	    	0.63
34	0.9452 	0.0059 	0.0069	0.0091	+0.0017	-0.0009	+0.0013	+0.0001	-0.0002	+0.0014	-0.0064	    	1.17
35	0.8734 	0.0220 	0.0166	0.0276	+0.0004	-0.0097	-0.0008	-0.0004	+0.0093	+0.0041	+0.0097	    	0.75
Average	error:	0.002367 (stat)	0.006919 (syst)	0.007705 (total)

TnP Configurations 
Event Selection(Data) : (probe_isTracker && tag_HLT_IsoMu24_v==1 && tag_pt > 26 && fabs(tag_eta) < 2.4 && (tag_pfIso04_charged + max(0, tag_pfIso04_neutral+tag_pfIso04_photon-(0.5*tag_pfIso04_sumPU)))/tag_pt < 0.2 && tag_isTight && 60 < pair_mass && pair_mass < 140 && pair_dR > 0.3 && pair_probeMultiplicity == 1) 
Event Selection(MC) : (probe_isTracker && tag_HLT_IsoMu24_v==1 && tag_pt > 26 && fabs(tag_eta) < 2.4 && (tag_pfIso04_charged + max(0, tag_pfIso04_neutral+tag_pfIso04_photon-(0.5*tag_pfIso04_sumPU)))/tag_pt < 0.2 && tag_isTight && 60 < pair_mass && pair_mass < 140 && pair_dR > 0.3 && pair_probeMultiplicity == 1) 
Passing Probe Condtion : probe_isMedium && probe_miniIso_rhoAll < 0.1 && probe_iso03_sumPt/probe_pt < 0.4 && ( (probe_3DIPerrVTX>0 && probe_3DIPVTX/probe_3DIPerrVTX<3) || probe_3DIPerrVTX==0) && abs(probe_dz) < 0.1 
Input file(Data) : ['/gv0/Users/choij/TnPTrees/v220707/muon/Run2016_UL/SingleMuon_2016b.root'] 
Input file(MC) : ['/gv0/Users/choij/TnPTrees/v220707/muon/Run2016_UL/DYJetsToMuMu_M-50_TuneCP5_13TeV-powhegMiNNLO-pythia8-photos.root'] 
Binnings : [{'var': 'fabs(probe_eta)', 'type': 'float', 'bins': [0.0, 0.9, 1.2, 2.1, 2.4], 'title': '|#eta_{SC}|'}, {'var': 'probe_pt', 'type': 'float', 'bins': [10.0, 15.0, 20.0, 25.0, 30.0, 40.0, 50.0, 60.0, 120.0, 200.0], 'title': 'p_{T}'}] 
