ibin	Central	Staterr	Systerr	Totalerr  [MassRange]	[MassBin]	[TagIso]	[AltSig]   Syst/Stat
0	0.9542 	0.0004 	0.0004	0.0005	+0.0000	+0.0002	-0.0003	+0.0001	+0.0001	+0.0000	+0.0000	    	0.94
1	0.9790 	0.0004 	0.0006	0.0008	+0.0001	+0.0003	+0.0004	+0.0001	+0.0002	+0.0004	+0.0001	    	1.62
2	0.9646 	0.0003 	0.0009	0.0009	+0.0003	+0.0005	+0.0001	+0.0005	+0.0002	+0.0001	+0.0005	    	2.96
3	0.9233 	0.0007 	0.0006	0.0009	+0.0002	+0.0005	+0.0003	+0.0000	-0.0001	-0.0002	+0.0000	    	0.88
4	0.9572 	0.0002 	0.0006	0.0006	-0.0003	-0.0004	-0.0003	-0.0003	-0.0001	-0.0001	-0.0003	    	2.96
5	0.9816 	0.0003 	0.0003	0.0004	-0.0001	+0.0000	+0.0000	-0.0002	-0.0001	+0.0000	-0.0002	    	1.05
6	0.9674 	0.0002 	0.0003	0.0004	+0.0000	-0.0001	-0.0003	-0.0001	-0.0001	-0.0001	+0.0000	    	1.66
7	0.9305 	0.0005 	0.0004	0.0006	+0.0001	-0.0002	+0.0001	+0.0000	+0.0003	+0.0001	+0.0000	    	0.75
8	0.9577 	0.0001 	0.0003	0.0003	+0.0003	+0.0000	+0.0000	+0.0000	+0.0000	+0.0000	+0.0000	    	3.00
9	0.9818 	0.0002 	0.0003	0.0004	-0.0002	-0.0002	+0.0000	-0.0001	+0.0000	-0.0001	-0.0002	    	1.58
10	0.9686 	0.0001 	0.0002	0.0002	-0.0002	+0.0000	+0.0000	+0.0000	+0.0001	+0.0000	+0.0000	    	2.24
11	0.9339 	0.0004 	0.0010	0.0011	+0.0002	-0.0006	-0.0005	-0.0005	-0.0004	-0.0004	-0.0005	    	2.52
12	0.9582 	0.0001 	0.0001	0.0001	+0.0000	+0.0000	+0.0000	+0.0000	+0.0000	-0.0001	+0.0000	    	1.00
13	0.9820 	0.0003 	0.0001	0.0003	+0.0000	-0.0001	+0.0000	+0.0000	+0.0000	+0.0000	+0.0000	    	0.33
14	0.9690 	0.0001 	0.0003	0.0003	+0.0003	+0.0000	+0.0000	+0.0000	+0.0001	+0.0000	-0.0001	    	3.32
15	0.9354 	0.0003 	0.0005	0.0006	+0.0001	-0.0002	-0.0002	-0.0001	-0.0001	-0.0001	-0.0004	    	1.67
16	0.9578 	0.0001 	0.0001	0.0002	+0.0001	+0.0000	-0.0001	+0.0000	+0.0000	+0.0000	+0.0000	    	1.41
17	0.9816 	0.0001 	0.0002	0.0002	+0.0001	+0.0001	+0.0000	+0.0000	+0.0001	+0.0001	+0.0001	    	1.73
18	0.9697 	0.0000 	0.0002	0.0002	+0.0001	+0.0002	+0.0000	+0.0000	+0.0001	+0.0000	+0.0001	    
19	0.9354 	0.0001 	0.0002	0.0003	+0.0001	+0.0000	+0.0000	+0.0000	-0.0001	-0.0001	+0.0002	    	2.45
20	0.9567 	0.0000 	0.0000	0.0000	+0.0000	+0.0000	+0.0000	+0.0000	+0.0000	+0.0000	+0.0000	    
21	0.9814 	0.0001 	0.0000	0.0001	+0.0000	+0.0000	+0.0000	+0.0000	+0.0000	+0.0000	+0.0000	    	0.00
22	0.9706 	0.0000 	0.0001	0.0001	+0.0000	+0.0001	+0.0000	+0.0000	+0.0000	+0.0000	+0.0000	    
23	0.9353 	0.0001 	0.0001	0.0001	+0.0000	+0.0000	+0.0000	+0.0000	+0.0001	-0.0001	+0.0000	    	1.00
24	0.9548 	0.0001 	0.0001	0.0001	+0.0001	+0.0000	+0.0000	+0.0000	+0.0000	+0.0000	+0.0000	    	1.00
25	0.9802 	0.0001 	0.0000	0.0001	+0.0000	+0.0000	+0.0000	+0.0000	+0.0000	+0.0000	+0.0000	    	0.00
26	0.9709 	0.0001 	0.0000	0.0001	+0.0000	+0.0000	+0.0000	+0.0000	+0.0000	+0.0000	+0.0000	    	0.00
27	0.9345 	0.0003 	0.0002	0.0004	+0.0000	-0.0002	+0.0001	+0.0000	+0.0001	+0.0000	+0.0000	    	0.82
28	0.9489 	0.0005 	0.0002	0.0006	+0.0001	+0.0000	+0.0000	+0.0000	+0.0000	-0.0002	-0.0001	    	0.49
29	0.9752 	0.0006 	0.0003	0.0007	+0.0001	-0.0002	-0.0001	+0.0000	-0.0001	+0.0000	-0.0001	    	0.44
30	0.9707 	0.0004 	0.0002	0.0004	+0.0001	-0.0001	-0.0001	+0.0001	+0.0001	+0.0000	+0.0000	    	0.43
31	0.9294 	0.0016 	0.0028	0.0032	-0.0013	+0.0008	-0.0001	+0.0001	+0.0000	+0.0000	+0.0025	    	1.76
Average	error:	0.000275 (stat)	0.000371 (syst)	0.000485 (total)

TnP Configurations 
Event Selection(Data) : ( (probe_isMedium && probe_miniIso_rhoAll < 0.1 && probe_iso03_sumPt/probe_pt < 0.4 && ( (probe_3DIPerrVTX > 0 && probe_3DIPVTX/probe_3DIPerrVTX < 3) || probe_3DIPerrVTX == 0) ) && tag_isTight && tag_HLT_IsoMu24_v==1 && tag_pt > 26 && fabs(tag_eta) < 2.4 && (tag_pfIso04_charged + max(0, tag_pfIso04_neutral+tag_pfIso04_photon-(0.5*tag_pfIso04_sumPU)))/tag_pt < 0.15 && 60 < pair_mass && pair_mass < 140 && pair_dR > 0.3) 
Event Selection(MC) : ( (probe_isMedium && probe_miniIso_rhoAll < 0.1 && probe_iso03_sumPt/probe_pt < 0.4 && ( (probe_3DIPerrVTX > 0 && probe_3DIPVTX/probe_3DIPerrVTX < 3) || probe_3DIPerrVTX == 0) ) && tag_isTight && tag_HLT_IsoMu24_v==1 && tag_pt > 26 && fabs(tag_eta) < 2.4 && (tag_pfIso04_charged + max(0, tag_pfIso04_neutral+tag_pfIso04_photon-(0.5*tag_pfIso04_sumPU)))/tag_pt < 0.15 && 60 < pair_mass && pair_mass < 140 && pair_dR > 0.3) 
Passing Probe Condtion : (probe_isMedium && probe_miniIso_rhoAll < 0.1 && probe_iso03_sumPt/probe_pt < 0.4 && ( (probe_3DIPerrVTX > 0 && probe_3DIPVTX/probe_3DIPerrVTX < 3) || probe_3DIPerrVTX == 0) ) && probe_hltDiMuon178RelTrkIsoFiltered0p4_dr<0.3 
Input file(Data) : ['/gv0/Users/choij/TnPTrees/v220707/muon/Run2018_UL/SingleMuon_2018.root'] 
Input file(MC) : ['/gv0/Users/choij/TnPTrees/v220707/muon/Run2018_UL/DYJetsToMuMu_M-50_massWgtFix_TuneCP5_13TeV-powhegMiNNLO-pythia8-photos.root'] 
Binnings : [{'var': 'fabs(probe_eta)', 'type': 'float', 'bins': [0.0, 0.9, 1.2, 2.1, 2.4], 'title': '|#eta_{SC}|'}, {'var': 'probe_pt', 'type': 'float', 'bins': [10.0, 15.0, 20.0, 25.0, 30.0, 40.0, 50.0, 100.0, 200.0], 'title': 'p_{T}'}] 
