ibin	Central	Staterr	Systerr	Totalerr  [MassRange]	[MassBin]	[TagIso]	[AltSig]   Syst/Stat
0	0.0000 	0.0000 	0.0000	0.0000	+0.0000	+0.0000	+0.0000	+0.0000	+0.0000	+0.0000	+0.0000	    
1	0.0024 	0.0004 	0.0001	0.0004	+0.0001	+0.0001	-0.0001	+0.0001	+0.0000	+0.0000	+0.0000	    	0.35
2	0.0008 	0.0001 	0.0001	0.0001	+0.0000	+0.0000	+0.0000	+0.0000	+0.0000	+0.0001	+0.0000	    	1.00
3	0.0007 	0.0002 	0.0002	0.0003	+0.0001	+0.0001	+0.0001	+0.0001	+0.0001	+0.0001	+0.0000	    	0.87
4	0.0001 	0.0001 	0.0000	0.0001	+0.0000	+0.0000	+0.0000	+0.0000	+0.0000	+0.0000	+0.0000	    	0.00
5	0.0044 	0.0006 	0.0002	0.0006	+0.0000	-0.0001	-0.0001	-0.0001	-0.0002	+0.0000	+0.0000	    	0.41
6	0.0049 	0.0005 	0.0010	0.0011	-0.0004	+0.0001	+0.0001	+0.0000	+0.0000	+0.0000	+0.0009	    	1.98
7	0.0055 	0.0008 	0.0007	0.0011	+0.0000	+0.0000	-0.0006	+0.0001	+0.0002	+0.0003	+0.0003	    	0.92
8	0.4982 	0.0025 	0.0023	0.0034	-0.0001	+0.0005	+0.0021	-0.0002	-0.0008	+0.0002	+0.0000	    	0.92
9	0.5043 	0.0045 	0.0071	0.0084	-0.0013	-0.0014	-0.0003	-0.0001	-0.0002	+0.0006	-0.0069	    	1.57
10	0.4741 	0.0027 	0.0078	0.0083	-0.0002	+0.0010	-0.0048	+0.0002	+0.0004	+0.0003	+0.0061	    	2.90
11	0.4588 	0.0051 	0.0089	0.0103	-0.0016	-0.0020	-0.0042	-0.0001	-0.0004	-0.0050	-0.0057	    	1.74
12	0.9521 	0.0009 	0.0011	0.0014	+0.0008	+0.0001	+0.0000	+0.0006	+0.0005	+0.0005	+0.0000	    	1.24
13	0.9520 	0.0017 	0.0010	0.0020	+0.0000	+0.0005	+0.0007	+0.0000	+0.0003	+0.0000	+0.0003	    	0.56
14	0.9228 	0.0013 	0.0008	0.0015	-0.0002	+0.0004	-0.0003	+0.0000	+0.0006	+0.0004	+0.0001	    	0.61
15	0.8917 	0.0028 	0.0012	0.0030	-0.0004	-0.0006	-0.0005	+0.0002	+0.0007	+0.0004	-0.0005	    	0.41
16	0.9538 	0.0004 	0.0003	0.0005	+0.0001	+0.0000	+0.0001	+0.0000	-0.0001	-0.0001	-0.0003	    	0.87
17	0.9607 	0.0008 	0.0005	0.0010	+0.0002	+0.0002	+0.0001	+0.0001	+0.0005	+0.0001	+0.0000	    	0.68
18	0.9344 	0.0006 	0.0005	0.0008	+0.0001	+0.0000	+0.0004	+0.0001	+0.0002	+0.0000	+0.0001	    	0.78
19	0.9125 	0.0013 	0.0011	0.0017	+0.0006	+0.0008	+0.0004	+0.0000	+0.0004	+0.0000	-0.0004	    	0.81
20	0.9537 	0.0003 	0.0001	0.0003	-0.0001	+0.0000	+0.0000	+0.0000	+0.0000	+0.0000	+0.0000	    	0.33
21	0.9646 	0.0005 	0.0002	0.0006	+0.0002	-0.0002	+0.0001	+0.0000	+0.0001	+0.0001	+0.0000	    	0.49
22	0.9353 	0.0004 	0.0002	0.0004	+0.0001	+0.0001	+0.0001	+0.0001	+0.0000	-0.0001	+0.0001	    	0.50
23	0.9167 	0.0009 	0.0008	0.0012	-0.0001	-0.0005	-0.0004	-0.0001	+0.0000	-0.0002	-0.0004	    	0.87
24	0.9529 	0.0001 	0.0001	0.0001	+0.0000	+0.0000	+0.0000	+0.0000	+0.0000	+0.0000	+0.0001	    	1.00
25	0.9678 	0.0002 	0.0002	0.0003	+0.0001	+0.0000	+0.0001	+0.0000	+0.0000	+0.0000	+0.0001	    	0.87
26	0.9345 	0.0002 	0.0003	0.0003	+0.0002	+0.0001	+0.0001	+0.0000	+0.0001	-0.0001	+0.0001	    	1.32
27	0.9170 	0.0004 	0.0003	0.0005	-0.0002	-0.0001	-0.0001	+0.0000	+0.0002	-0.0001	-0.0001	    	0.79
28	0.9517 	0.0001 	0.0000	0.0001	+0.0000	+0.0000	+0.0000	+0.0000	+0.0000	+0.0000	+0.0000	    	0.00
29	0.9686 	0.0002 	0.0001	0.0002	+0.0001	+0.0000	+0.0000	+0.0000	+0.0000	+0.0000	+0.0000	    	0.50
30	0.9401 	0.0001 	0.0000	0.0001	+0.0000	+0.0000	+0.0000	+0.0000	+0.0000	+0.0000	+0.0000	    	0.00
31	0.9166 	0.0004 	0.0002	0.0005	-0.0001	+0.0001	+0.0000	+0.0000	+0.0002	+0.0000	+0.0000	    	0.56
32	0.9501 	0.0002 	0.0001	0.0002	+0.0000	+0.0000	-0.0001	+0.0000	+0.0000	+0.0000	+0.0000	    	0.50
33	0.9687 	0.0003 	0.0002	0.0004	+0.0001	+0.0000	+0.0002	+0.0000	-0.0001	-0.0001	+0.0000	    	0.82
34	0.9457 	0.0003 	0.0001	0.0003	+0.0000	+0.0000	+0.0000	+0.0000	+0.0001	+0.0000	+0.0000	    	0.33
35	0.9157 	0.0008 	0.0004	0.0009	+0.0001	+0.0003	-0.0002	+0.0000	-0.0002	-0.0001	+0.0000	    	0.52
36	0.9426 	0.0014 	0.0006	0.0015	-0.0002	-0.0004	-0.0003	+0.0001	+0.0001	-0.0002	-0.0002	    	0.41
37	0.9660 	0.0020 	0.0008	0.0021	-0.0001	-0.0003	+0.0006	+0.0000	+0.0003	+0.0001	+0.0002	    	0.38
38	0.9492 	0.0016 	0.0008	0.0018	+0.0000	-0.0005	-0.0004	+0.0001	+0.0004	-0.0003	+0.0000	    	0.47
39	0.9051 	0.0059 	0.0047	0.0075	-0.0018	-0.0004	-0.0016	+0.0002	-0.0001	+0.0003	+0.0040	    	0.79
Average	error:	0.001090 (stat)	0.001127 (syst)	0.001635 (total)

TnP Configurations 
Event Selection(Data) : ( (probe_isMedium && probe_miniIso_rhoAll < 0.1 && probe_iso03_sumPt/probe_pt < 0.4 && ( (probe_3DIPerrVTX > 0 && probe_3DIPVTX/probe_3DIPerrVTX < 3) || probe_3DIPerrVTX == 0) ) && tag_isTight && tag_HLT_IsoMu27_v==1 && tag_pt > 29 && fabs(tag_eta) < 2.4 && (tag_pfIso04_charged + max(0, tag_pfIso04_neutral+tag_pfIso04_photon-(0.5*tag_pfIso04_sumPU)))/tag_pt < 0.15 && 60 < pair_mass && pair_mass < 140 && pair_dR > 0.3) 
Event Selection(MC) : ( (probe_isMedium && probe_miniIso_rhoAll < 0.1 && probe_iso03_sumPt/probe_pt < 0.4 && ( (probe_3DIPerrVTX > 0 && probe_3DIPVTX/probe_3DIPerrVTX < 3) || probe_3DIPerrVTX == 0) ) && tag_isTight && tag_HLT_IsoMu27_v==1 && tag_pt > 29 && fabs(tag_eta) < 2.4 && (tag_pfIso04_charged + max(0, tag_pfIso04_neutral+tag_pfIso04_photon-(0.5*tag_pfIso04_sumPU)))/tag_pt < 0.15 && 60 < pair_mass && pair_mass < 140 && pair_dR > 0.3)*(genWeight) 
Passing Probe Condtion : (probe_isMedium && probe_miniIso_rhoAll < 0.1 && probe_iso03_sumPt/probe_pt < 0.4 && ( (probe_3DIPerrVTX > 0 && probe_3DIPVTX/probe_3DIPerrVTX < 3) || probe_3DIPerrVTX == 0) ) && probe_hltL3fL1DoubleMu155fFiltered17_dr<0.3 && probe_hltDiMuon178RelTrkIsoFiltered0p4_dr<0.3 
Input file(Data) : ['/gv0/Users/choij/TnPTrees/v220707/muon/Run2017_UL/SingleMuon_2017.root'] 
Input file(MC) : ['/gv0/Users/choij/TnPTrees/v220707/muon/Run2017_UL/DYJetsToLL_M-50_TuneCP5_13TeV-madgraphMLM-pythia8.root'] 
Binnings : [{'var': 'fabs(probe_eta)', 'type': 'float', 'bins': [0.0, 0.9, 1.2, 2.1, 2.4], 'title': '|#eta_{SC}|'}, {'var': 'probe_pt', 'type': 'float', 'bins': [10.0, 14.0, 16.0, 18.0, 20.0, 25.0, 30.0, 40.0, 50.0, 100.0, 200.0], 'title': 'p_{T}'}] 
