ibin	Central	Staterr	Systerr	Totalerr  [MassRange]	[MassBin]	[TagIso]	[AltSig]   Syst/Stat
0	0.8453 	0.0000 	0.0150	0.0150	+0.0098	-0.0150	+0.0003	-0.0003	+0.0003	+0.0000	-0.0001	    
1	0.8589 	0.0000 	0.0097	0.0097	+0.0064	-0.0096	-0.0014	-0.0004	+0.0000	-0.0001	+0.0002	    
2	0.8574 	0.0000 	0.0072	0.0072	+0.0050	-0.0071	-0.0010	-0.0002	+0.0003	-0.0003	+0.0000	    
3	0.7925 	0.0000 	0.0052	0.0052	+0.0037	-0.0051	-0.0008	-0.0003	+0.0009	-0.0004	-0.0001	    
4	0.8749 	0.0000 	0.0243	0.0243	+0.0135	-0.0237	-0.0053	-0.0009	-0.0001	+0.0000	-0.0001	    
5	0.8844 	0.0000 	0.0200	0.0200	+0.0115	-0.0190	-0.0009	-0.0002	-0.0040	-0.0002	-0.0046	    
6	0.8838 	0.0000 	0.0095	0.0095	+0.0077	-0.0095	-0.0002	-0.0002	+0.0003	-0.0001	-0.0008	    
7	0.8184 	0.0000 	0.0063	0.0063	+0.0045	-0.0063	-0.0002	-0.0002	-0.0003	-0.0002	+0.0000	    
8	0.8911 	0.0000 	0.0166	0.0166	+0.0165	-0.0135	+0.0004	+0.0008	+0.0009	+0.0008	+0.0006	    
9	0.9005 	0.0000 	0.0180	0.0180	+0.0122	-0.0172	+0.0005	-0.0001	-0.0037	-0.0034	-0.0038	    
10	0.9012 	0.0000 	0.0093	0.0093	+0.0081	-0.0093	+0.0006	-0.0002	+0.0002	-0.0001	-0.0006	    
11	0.8394 	0.0000 	0.0052	0.0052	+0.0044	-0.0050	-0.0012	-0.0002	+0.0004	-0.0005	-0.0004	    
12	0.9193 	0.0000 	0.0086	0.0086	+0.0086	-0.0043	+0.0001	-0.0001	-0.0002	+0.0000	-0.0001	    
13	0.9184 	0.0000 	0.0098	0.0098	+0.0098	-0.0039	+0.0001	+0.0000	-0.0003	+0.0001	-0.0001	    
14	0.9195 	0.0000 	0.0068	0.0068	+0.0068	-0.0025	+0.0004	-0.0002	+0.0002	-0.0001	-0.0004	    
15	0.8633 	0.0000 	0.0041	0.0041	+0.0036	-0.0017	-0.0001	-0.0002	+0.0005	-0.0001	-0.0018	    
16	0.9520 	0.0000 	0.0015	0.0015	+0.0014	-0.0004	+0.0003	+0.0001	+0.0004	+0.0000	+0.0000	    
17	0.9502 	0.0000 	0.0020	0.0020	+0.0020	-0.0005	+0.0001	+0.0000	+0.0001	+0.0000	-0.0003	    
18	0.9427 	0.0000 	0.0021	0.0021	+0.0020	-0.0009	-0.0001	+0.0000	+0.0003	+0.0000	-0.0005	    
19	0.8805 	0.0000 	0.0022	0.0022	+0.0018	-0.0001	-0.0002	+0.0001	+0.0005	+0.0000	-0.0012	    
20	0.9714 	0.0000 	0.0004	0.0004	+0.0002	-0.0001	+0.0000	+0.0000	+0.0003	-0.0001	+0.0000	    
21	0.9727 	0.0000 	0.0003	0.0003	+0.0002	-0.0001	+0.0000	+0.0000	+0.0002	-0.0001	+0.0000	    
22	0.9606 	0.0000 	0.0005	0.0005	+0.0003	-0.0001	+0.0001	+0.0000	+0.0004	+0.0000	+0.0000	    
23	0.8983 	0.0000 	0.0017	0.0017	+0.0004	-0.0015	+0.0001	-0.0004	+0.0005	-0.0006	-0.0004	    
24	0.9740 	0.0000 	0.0003	0.0003	+0.0002	-0.0002	+0.0000	-0.0001	+0.0001	-0.0001	-0.0001	    
25	0.9744 	0.0000 	0.0008	0.0008	+0.0003	-0.0008	-0.0001	+0.0000	+0.0002	-0.0002	+0.0000	    
26	0.9626 	0.0000 	0.0004	0.0004	+0.0002	-0.0002	+0.0001	+0.0000	+0.0003	+0.0000	-0.0002	    
27	0.9002 	0.0000 	0.0089	0.0089	+0.0000	+0.0002	+0.0001	+0.0062	+0.0064	+0.0000	+0.0002	    
28	0.9747 	0.0000 	0.0003	0.0003	+0.0001	-0.0003	+0.0000	-0.0001	+0.0000	-0.0001	-0.0001	    
29	0.9738 	0.0000 	0.0014	0.0014	+0.0004	-0.0001	+0.0001	-0.0001	+0.0000	-0.0001	-0.0013	    
30	0.9619 	0.0000 	0.0005	0.0005	+0.0001	-0.0005	-0.0001	+0.0000	+0.0001	+0.0000	+0.0000	    
31	0.9030 	0.0000 	0.0089	0.0089	+0.0007	+0.0002	+0.0000	+0.0000	+0.0089	-0.0003	+0.0006	    
32	0.9746 	0.0000 	0.0010	0.0010	+0.0003	+0.0001	-0.0003	-0.0002	-0.0002	-0.0006	-0.0007	    
33	0.9684 	0.0000 	0.0017	0.0017	+0.0007	-0.0007	-0.0002	+0.0000	+0.0005	+0.0000	-0.0015	    
34	0.9640 	0.0000 	0.0020	0.0020	+0.0006	+0.0010	+0.0005	+0.0002	+0.0009	-0.0002	-0.0014	    
35	0.9128 	0.0000 	0.0104	0.0104	-0.0056	-0.0015	-0.0007	+0.0001	-0.0013	-0.0007	+0.0086	    
Average	error:	0.000000 (stat)	0.006196 (syst)	0.006196 (total)

TnP Configurations 
Event Selection(Data) : (probe_isTracker && tag_HLT_IsoMu24_v==1 && tag_pt > 26 && fabs(tag_eta) < 2.4 && (tag_pfIso04_charged + max(0, tag_pfIso04_neutral+tag_pfIso04_photon-(0.5*tag_pfIso04_sumPU)))/tag_pt < 0.2 && tag_isTight && 60 < pair_mass && pair_mass < 140 && pair_dR > 0.3 && pair_probeMultiplicity == 1) 
Event Selection(MC) : (probe_isTracker && tag_HLT_IsoMu24_v==1 && tag_pt > 26 && fabs(tag_eta) < 2.4 && (tag_pfIso04_charged + max(0, tag_pfIso04_neutral+tag_pfIso04_photon-(0.5*tag_pfIso04_sumPU)))/tag_pt < 0.2 && tag_isTight && 60 < pair_mass && pair_mass < 140 && pair_dR > 0.3 && pair_probeMultiplicity == 1)*(genWeight) 
Passing Probe Condtion : probe_CutBasedIdMedium && probe_miniIso_rhoAll < 0.1 && probe_iso03_sumPt/probe_pt < 0.4 && ( (probe_3DIPerrVTX>0 && probe_3DIPVTX/probe_3DIPerrVTX<3) || probe_3DIPerrVTX==0) && abs(probe_dz) < 0.1 
Input file(Data) : ['/gv0/Users/choij/TnPTrees/v220707/muon/Run2016_UL_HIPM/SingleMuon_2016a.root'] 
Input file(MC) : ['/gv0/Users/choij/TnPTrees/v220707/muon/Run2016_UL_HIPM/DYJetsToMuMu_M-50_TuneCP5_13TeV-powhegMiNNLO-pythia8-photos.root'] 
Binnings : [{'var': 'fabs(probe_eta)', 'type': 'float', 'bins': [0.0, 0.9, 1.2, 2.1, 2.4], 'title': '|#eta_{SC}|'}, {'var': 'probe_pt', 'type': 'float', 'bins': [10.0, 15.0, 20.0, 25.0, 30.0, 40.0, 50.0, 60.0, 120.0, 200.0], 'title': 'p_{T}'}] 
