ibin	Central	Staterr	Systerr	Totalerr  [MassRange]	[MassBin]	[TagIso]	[AltSig]   Syst/Stat
0	0.9617 	0.0011 	0.0003	0.0011	-0.0002	+0.0001	-0.0002	+0.0000	+0.0000	+0.0001	-0.0001	    	0.29
1	0.9888 	0.0009 	0.0005	0.0010	-0.0002	+0.0002	+0.0003	+0.0001	+0.0003	+0.0002	+0.0001	    	0.53
2	0.9646 	0.0009 	0.0007	0.0011	+0.0004	+0.0001	+0.0005	+0.0000	-0.0002	+0.0000	+0.0000	    	0.75
3	0.9547 	0.0017 	0.0010	0.0019	+0.0003	+0.0000	+0.0009	-0.0001	+0.0001	+0.0001	+0.0000	    	0.56
4	0.9641 	0.0006 	0.0003	0.0007	+0.0000	-0.0003	+0.0001	+0.0000	+0.0001	+0.0000	+0.0000	    	0.55
5	0.9902 	0.0005 	0.0003	0.0006	-0.0001	-0.0001	+0.0002	+0.0000	-0.0002	+0.0001	+0.0000	    	0.60
6	0.9667 	0.0006 	0.0003	0.0007	+0.0002	+0.0000	-0.0001	+0.0000	+0.0000	+0.0001	-0.0001	    	0.44
7	0.9604 	0.0012 	0.0010	0.0016	+0.0007	-0.0005	+0.0005	+0.0001	+0.0004	+0.0003	-0.0004	    	0.86
8	0.9661 	0.0004 	0.0002	0.0005	-0.0001	+0.0000	+0.0002	+0.0000	+0.0000	-0.0001	+0.0000	    	0.61
9	0.9899 	0.0004 	0.0002	0.0004	+0.0001	+0.0000	-0.0001	+0.0000	+0.0001	+0.0000	+0.0000	    	0.43
10	0.9677 	0.0004 	0.0003	0.0005	+0.0000	+0.0001	+0.0002	+0.0001	+0.0001	+0.0000	+0.0001	    	0.66
11	0.9640 	0.0008 	0.0010	0.0012	-0.0002	-0.0009	-0.0003	+0.0000	-0.0001	+0.0001	+0.0001	    	1.20
12	0.9659 	0.0003 	0.0002	0.0004	+0.0001	+0.0001	+0.0002	+0.0000	+0.0000	+0.0000	+0.0000	    	0.75
13	0.9907 	0.0003 	0.0002	0.0004	+0.0001	+0.0000	+0.0001	+0.0000	+0.0001	+0.0000	+0.0001	    	0.67
14	0.9679 	0.0003 	0.0002	0.0004	-0.0001	+0.0000	+0.0000	+0.0000	+0.0002	+0.0001	+0.0001	    	0.82
15	0.9653 	0.0006 	0.0001	0.0006	+0.0000	+0.0000	-0.0001	+0.0000	-0.0001	+0.0000	+0.0000	    	0.24
16	0.9661 	0.0001 	0.0001	0.0001	+0.0000	+0.0000	+0.0000	+0.0000	-0.0001	+0.0000	+0.0000	    	1.00
17	0.9907 	0.0001 	0.0004	0.0004	+0.0002	+0.0002	+0.0002	+0.0000	+0.0002	+0.0001	+0.0001	    	3.61
18	0.9688 	0.0001 	0.0001	0.0002	+0.0000	+0.0000	+0.0000	+0.0000	+0.0001	+0.0000	+0.0001	    	1.41
19	0.9650 	0.0003 	0.0003	0.0004	+0.0002	+0.0001	+0.0001	+0.0000	+0.0002	+0.0000	+0.0000	    	1.00
20	0.9648 	0.0001 	0.0001	0.0002	+0.0000	+0.0000	-0.0001	+0.0000	+0.0000	+0.0000	-0.0001	    	1.41
21	0.9912 	0.0001 	0.0000	0.0001	+0.0000	+0.0000	+0.0000	+0.0000	+0.0000	+0.0000	+0.0000	    	0.00
22	0.9697 	0.0001 	0.0001	0.0001	+0.0000	+0.0000	+0.0000	+0.0000	+0.0001	+0.0001	+0.0000	    	1.00
23	0.9662 	0.0003 	0.0001	0.0003	+0.0000	-0.0001	+0.0000	+0.0000	+0.0000	+0.0000	+0.0000	    	0.33
24	0.9636 	0.0002 	0.0001	0.0002	+0.0001	+0.0000	+0.0000	+0.0000	+0.0000	+0.0000	+0.0000	    	0.50
25	0.9908 	0.0002 	0.0000	0.0002	+0.0000	+0.0000	+0.0000	+0.0000	+0.0000	+0.0000	+0.0000	    	0.00
26	0.9699 	0.0002 	0.0002	0.0003	+0.0000	-0.0001	+0.0000	+0.0000	+0.0001	-0.0001	-0.0001	    	0.87
27	0.9662 	0.0006 	0.0003	0.0007	-0.0001	+0.0000	-0.0001	+0.0000	+0.0000	-0.0002	+0.0001	    	0.44
28	0.9604 	0.0012 	0.0005	0.0013	-0.0001	+0.0001	-0.0003	-0.0001	+0.0000	-0.0001	+0.0004	    	0.43
29	0.9907 	0.0010 	0.0002	0.0010	+0.0001	+0.0000	+0.0001	+0.0001	-0.0001	-0.0001	+0.0000	    	0.17
30	0.9730 	0.0013 	0.0007	0.0015	+0.0006	+0.0000	+0.0003	+0.0000	-0.0001	-0.0002	+0.0001	    	0.54
31	0.9590 	0.0042 	0.0023	0.0048	-0.0012	-0.0011	+0.0010	+0.0003	-0.0004	-0.0001	+0.0017	    	0.56
Average	error:	0.000659 (stat)	0.000385 (syst)	0.000779 (total)

TnP Configurations 
Event Selection(Data) : ( (probe_isMedium && probe_miniIso_rhoAll < 0.1 && probe_iso03_sumPt/probe_pt < 0.4 && ( (probe_3DIPerrVTX > 0 && probe_3DIPVTX/probe_3DIPerrVTX < 3) || probe_3DIPerrVTX == 0) ) && tag_isTight && tag_HLT_IsoMu24_v==1 && tag_pt > 26 && fabs(tag_eta) < 2.4 && (tag_pfIso04_charged + max(0, tag_pfIso04_neutral+tag_pfIso04_photon-(0.5*tag_pfIso04_sumPU)))/tag_pt < 0.15 && 60 < pair_mass && pair_mass < 140 && pair_dR > 0.3) 
Event Selection(MC) : ( (probe_isMedium && probe_miniIso_rhoAll < 0.1 && probe_iso03_sumPt/probe_pt < 0.4 && ( (probe_3DIPerrVTX > 0 && probe_3DIPVTX/probe_3DIPerrVTX < 3) || probe_3DIPerrVTX == 0) ) && tag_isTight && tag_HLT_IsoMu24_v==1 && tag_pt > 26 && fabs(tag_eta) < 2.4 && (tag_pfIso04_charged + max(0, tag_pfIso04_neutral+tag_pfIso04_photon-(0.5*tag_pfIso04_sumPU)))/tag_pt < 0.15 && 60 < pair_mass && pair_mass < 140 && pair_dR > 0.3)*(genWeight) 
Passing Probe Condtion : (probe_isMedium && probe_miniIso_rhoAll < 0.1 && probe_iso03_sumPt/probe_pt < 0.4 && ( (probe_3DIPerrVTX > 0 && probe_3DIPVTX/probe_3DIPerrVTX < 3) || probe_3DIPerrVTX == 0) ) && (probe_hltDiMuonGlb17Glb8RelTrkIsoFiltered0p4_dr<0.3 || probe_hltDiMuonGlb17Trk8RelTrkIsoFiltered0p4_dr<0.3 || probe_hltDiMuonTrk17Trk8RelTrkIsoFiltered0p4_dr<0.3) 
Input file(Data) : ['/gv0/Users/choij/TnPTrees/v220707/muon/Run2016_UL/SingleMuon_2016b.root'] 
Input file(MC) : ['/gv0/Users/choij/TnPTrees/v220707/muon/Run2016_UL/DYJetsToLL_M-50_TuneCP5_13TeV-madgraphMLM-pythia8.root'] 
Binnings : [{'var': 'fabs(probe_eta)', 'type': 'float', 'bins': [0.0, 0.9, 1.2, 2.1, 2.4], 'title': '|#eta_{SC}|'}, {'var': 'probe_pt', 'type': 'float', 'bins': [10.0, 15.0, 20.0, 25.0, 30.0, 40.0, 50.0, 100.0, 200.0], 'title': 'p_{T}'}] 
