ibin	Central	Staterr	Systerr	Totalerr  [MassRange]	[MassBin]	[TagIso]	[AltSig]   Syst/Stat
0	0.9503 	0.0011 	0.0002	0.0011	-0.0001	-0.0001	+0.0000	-0.0001	-0.0001	-0.0002	+0.0000	    	0.22
1	0.9518 	0.0016 	0.0020	0.0025	-0.0013	-0.0003	-0.0012	-0.0009	+0.0005	-0.0007	-0.0005	    	1.23
2	0.9314 	0.0011 	0.0009	0.0014	-0.0004	-0.0008	+0.0002	+0.0001	+0.0002	+0.0000	-0.0004	    	0.85
3	0.9005 	0.0025 	0.0017	0.0030	-0.0008	+0.0001	+0.0014	-0.0001	+0.0002	-0.0003	+0.0006	    	0.70
4	0.9523 	0.0007 	0.0002	0.0007	+0.0001	+0.0001	+0.0000	+0.0001	+0.0001	+0.0000	+0.0000	    	0.25
5	0.9565 	0.0011 	0.0004	0.0012	-0.0002	+0.0003	+0.0002	+0.0000	-0.0001	-0.0001	+0.0000	    	0.34
6	0.9326 	0.0008 	0.0012	0.0015	-0.0001	+0.0004	-0.0011	+0.0001	+0.0002	+0.0001	+0.0003	    	1.53
7	0.9107 	0.0018 	0.0007	0.0019	+0.0004	-0.0002	+0.0002	+0.0002	+0.0005	-0.0001	-0.0003	    	0.41
8	0.9538 	0.0004 	0.0003	0.0005	+0.0001	+0.0000	+0.0002	+0.0000	-0.0001	+0.0000	-0.0002	    	0.79
9	0.9632 	0.0008 	0.0005	0.0009	+0.0001	+0.0002	+0.0002	+0.0001	+0.0004	+0.0001	+0.0000	    	0.61
10	0.9360 	0.0006 	0.0004	0.0007	+0.0001	+0.0000	+0.0004	+0.0001	+0.0001	-0.0001	+0.0001	    	0.73
11	0.9151 	0.0013 	0.0009	0.0016	+0.0006	+0.0007	+0.0003	+0.0000	+0.0004	+0.0001	-0.0004	    	0.73
12	0.9537 	0.0003 	0.0001	0.0003	-0.0001	+0.0001	+0.0000	+0.0000	+0.0000	+0.0000	+0.0000	    	0.33
13	0.9657 	0.0005 	0.0003	0.0006	+0.0002	-0.0001	+0.0001	+0.0001	+0.0001	+0.0001	+0.0001	    	0.53
14	0.9360 	0.0004 	0.0002	0.0005	+0.0000	+0.0000	+0.0000	+0.0000	-0.0001	-0.0002	+0.0001	    	0.56
15	0.9179 	0.0009 	0.0007	0.0011	-0.0001	-0.0005	-0.0003	+0.0000	+0.0001	-0.0001	-0.0003	    	0.74
16	0.9529 	0.0001 	0.0000	0.0001	+0.0000	+0.0000	+0.0000	+0.0000	+0.0000	+0.0000	+0.0000	    	0.00
17	0.9684 	0.0002 	0.0001	0.0002	+0.0000	+0.0000	+0.0000	+0.0000	-0.0001	+0.0000	+0.0000	    	0.50
18	0.9348 	0.0002 	0.0003	0.0004	+0.0002	+0.0001	+0.0001	+0.0000	+0.0002	-0.0001	+0.0001	    	1.58
19	0.9178 	0.0004 	0.0003	0.0005	-0.0002	+0.0000	-0.0001	+0.0000	+0.0002	-0.0001	+0.0000	    	0.75
20	0.9517 	0.0001 	0.0000	0.0001	+0.0000	+0.0000	+0.0000	+0.0000	+0.0000	+0.0000	+0.0000	    	0.00
21	0.9689 	0.0002 	0.0001	0.0002	+0.0001	+0.0001	+0.0000	+0.0000	+0.0001	+0.0000	+0.0000	    	0.71
22	0.9403 	0.0001 	0.0000	0.0001	+0.0000	+0.0000	+0.0000	+0.0000	+0.0000	+0.0000	+0.0000	    	0.00
23	0.9172 	0.0004 	0.0002	0.0005	-0.0001	+0.0000	+0.0000	+0.0000	+0.0002	+0.0000	+0.0000	    	0.56
24	0.9501 	0.0002 	0.0001	0.0002	+0.0000	+0.0000	-0.0001	+0.0000	+0.0000	+0.0000	+0.0000	    	0.50
25	0.9689 	0.0003 	0.0001	0.0003	+0.0000	+0.0000	+0.0001	+0.0000	-0.0001	-0.0001	+0.0000	    	0.47
26	0.9459 	0.0003 	0.0001	0.0003	+0.0000	-0.0001	+0.0000	+0.0000	+0.0000	-0.0001	+0.0000	    	0.47
27	0.9162 	0.0008 	0.0004	0.0009	+0.0000	+0.0002	-0.0003	+0.0000	-0.0002	-0.0001	-0.0001	    	0.53
28	0.9426 	0.0014 	0.0007	0.0016	-0.0002	-0.0004	-0.0003	+0.0001	+0.0000	-0.0004	-0.0002	    	0.48
29	0.9660 	0.0020 	0.0008	0.0022	-0.0001	-0.0003	+0.0006	+0.0000	+0.0004	+0.0002	+0.0002	    	0.40
30	0.9493 	0.0016 	0.0008	0.0018	+0.0000	-0.0005	-0.0004	+0.0000	+0.0002	-0.0004	+0.0000	    	0.47
31	0.9051 	0.0059 	0.0047	0.0075	-0.0018	-0.0004	-0.0016	+0.0002	-0.0004	-0.0001	+0.0040	    	0.79
Average	error:	0.000941 (stat)	0.000614 (syst)	0.001144 (total)

TnP Configurations 
Event Selection(Data) : ( (probe_isMedium && probe_miniIso_rhoAll < 0.1 && probe_iso03_sumPt/probe_pt < 0.4 && ( (probe_3DIPerrVTX > 0 && probe_3DIPVTX/probe_3DIPerrVTX < 3) || probe_3DIPerrVTX == 0) ) && tag_isTight && tag_HLT_IsoMu27_v==1 && tag_pt > 29 && fabs(tag_eta) < 2.4 && (tag_pfIso04_charged + max(0, tag_pfIso04_neutral+tag_pfIso04_photon-(0.5*tag_pfIso04_sumPU)))/tag_pt < 0.15 && 60 < pair_mass && pair_mass < 140 && pair_dR > 0.3) 
Event Selection(MC) : ( (probe_isMedium && probe_miniIso_rhoAll < 0.1 && probe_iso03_sumPt/probe_pt < 0.4 && ( (probe_3DIPerrVTX > 0 && probe_3DIPVTX/probe_3DIPerrVTX < 3) || probe_3DIPerrVTX == 0) ) && tag_isTight && tag_HLT_IsoMu27_v==1 && tag_pt > 29 && fabs(tag_eta) < 2.4 && (tag_pfIso04_charged + max(0, tag_pfIso04_neutral+tag_pfIso04_photon-(0.5*tag_pfIso04_sumPU)))/tag_pt < 0.15 && 60 < pair_mass && pair_mass < 140 && pair_dR > 0.3)*(genWeight) 
Passing Probe Condtion : (probe_isMedium && probe_miniIso_rhoAll < 0.1 && probe_iso03_sumPt/probe_pt < 0.4 && ( (probe_3DIPerrVTX > 0 && probe_3DIPVTX/probe_3DIPerrVTX < 3) || probe_3DIPerrVTX == 0) ) && probe_hltDiMuon178RelTrkIsoFiltered0p4_dr<0.3 
Input file(Data) : ['/gv0/Users/choij/TnPTrees/v220707/muon/Run2017_UL/SingleMuon_2017.root'] 
Input file(MC) : ['/gv0/Users/choij/TnPTrees/v220707/muon/Run2017_UL/DYJetsToLL_M-50_TuneCP5_13TeV-madgraphMLM-pythia8.root'] 
Binnings : [{'var': 'fabs(probe_eta)', 'type': 'float', 'bins': [0.0, 0.9, 1.2, 2.1, 2.4], 'title': '|#eta_{SC}|'}, {'var': 'probe_pt', 'type': 'float', 'bins': [10.0, 15.0, 20.0, 25.0, 30.0, 40.0, 50.0, 100.0, 200.0], 'title': 'p_{T}'}] 
