ibin	Central	Staterr	Systerr	Totalerr  [MassRange]	[MassBin]	[TagIso]	[AltSig]   Syst/Stat
0	0.0003 	0.0001 	0.0002	0.0002	-0.0001	+0.0000	-0.0001	+0.0000	-0.0001	+0.0000	+0.0000	    	1.73
1	0.0007 	0.0002 	0.0001	0.0002	+0.0000	+0.0000	-0.0001	+0.0000	+0.0000	+0.0000	+0.0000	    	0.50
2	0.0005 	0.0001 	0.0000	0.0001	+0.0000	+0.0000	+0.0000	+0.0000	+0.0000	+0.0000	+0.0000	    	0.00
3	0.0011 	0.0003 	0.0002	0.0003	+0.0001	+0.0000	-0.0001	+0.0001	+0.0000	+0.0001	+0.0000	    	0.58
4	0.0011 	0.0002 	0.0001	0.0002	+0.0000	+0.0000	+0.0000	+0.0000	+0.0000	+0.0001	+0.0000	    	0.50
5	0.0034 	0.0005 	0.0001	0.0005	+0.0000	+0.0000	+0.0000	+0.0000	+0.0000	+0.0000	-0.0001	    	0.20
6	0.0045 	0.0004 	0.0004	0.0006	-0.0001	+0.0000	-0.0003	+0.0000	+0.0000	+0.0002	+0.0001	    	0.97
7	0.0153 	0.0012 	0.0004	0.0013	-0.0002	+0.0001	+0.0000	+0.0000	+0.0000	-0.0002	-0.0003	    	0.34
8	0.5411 	0.0025 	0.0005	0.0026	+0.0005	+0.0002	-0.0001	+0.0000	-0.0002	+0.0002	+0.0000	    	0.22
9	0.5352 	0.0043 	0.0025	0.0050	+0.0002	+0.0009	+0.0021	+0.0000	+0.0009	-0.0001	+0.0000	    	0.57
10	0.5279 	0.0025 	0.0008	0.0026	+0.0002	+0.0006	-0.0004	+0.0001	+0.0004	-0.0004	+0.0002	    	0.34
11	0.5113 	0.0048 	0.0049	0.0069	-0.0015	-0.0009	+0.0046	+0.0001	-0.0001	-0.0007	+0.0000	    	1.02
12	0.9602 	0.0008 	0.0004	0.0009	+0.0000	-0.0002	-0.0003	+0.0000	-0.0001	-0.0002	-0.0001	    	0.53
13	0.9821 	0.0010 	0.0003	0.0011	-0.0003	-0.0003	-0.0001	+0.0001	+0.0001	+0.0000	+0.0000	    	0.33
14	0.9614 	0.0009 	0.0009	0.0012	+0.0000	-0.0001	-0.0002	+0.0000	+0.0000	+0.0002	+0.0008	    	0.95
15	0.9331 	0.0022 	0.0022	0.0031	-0.0002	-0.0014	-0.0012	+0.0001	-0.0005	+0.0001	-0.0011	    	1.00
16	0.9609 	0.0004 	0.0001	0.0004	+0.0001	+0.0000	+0.0000	+0.0000	+0.0001	-0.0001	+0.0000	    	0.35
17	0.9838 	0.0005 	0.0003	0.0006	+0.0000	+0.0000	+0.0001	+0.0000	+0.0000	+0.0001	-0.0003	    	0.66
18	0.9630 	0.0004 	0.0007	0.0008	+0.0000	-0.0004	-0.0001	+0.0000	+0.0000	-0.0001	-0.0006	    	1.84
19	0.9434 	0.0010 	0.0003	0.0010	+0.0000	+0.0001	-0.0002	+0.0000	+0.0000	-0.0001	+0.0002	    	0.32
20	0.9614 	0.0003 	0.0001	0.0003	+0.0000	+0.0000	+0.0001	+0.0000	+0.0001	-0.0001	+0.0000	    	0.47
21	0.9849 	0.0003 	0.0002	0.0004	+0.0000	+0.0000	+0.0002	+0.0000	+0.0001	+0.0000	+0.0000	    	0.75
22	0.9645 	0.0003 	0.0002	0.0004	+0.0001	+0.0000	-0.0001	+0.0000	-0.0001	+0.0000	+0.0001	    	0.67
23	0.9483 	0.0007 	0.0007	0.0010	+0.0005	-0.0003	-0.0004	+0.0000	+0.0001	-0.0001	-0.0003	    	1.02
24	0.9612 	0.0001 	0.0001	0.0002	+0.0001	+0.0000	+0.0000	+0.0000	+0.0001	+0.0000	+0.0000	    	1.41
25	0.9854 	0.0001 	0.0001	0.0001	+0.0000	-0.0001	+0.0000	+0.0000	+0.0000	+0.0000	+0.0000	    	1.00
26	0.9660 	0.0001 	0.0001	0.0001	+0.0000	+0.0000	+0.0001	+0.0000	+0.0000	+0.0000	+0.0000	    	1.00
27	0.9510 	0.0004 	0.0006	0.0007	+0.0005	+0.0001	+0.0000	+0.0001	+0.0002	+0.0000	-0.0001	    	1.39
28	0.9600 	0.0001 	0.0000	0.0001	+0.0000	+0.0000	+0.0000	+0.0000	+0.0000	+0.0000	+0.0000	    	0.00
29	0.9851 	0.0001 	0.0000	0.0001	+0.0000	+0.0000	+0.0000	+0.0000	+0.0000	+0.0000	+0.0000	    	0.00
30	0.9668 	0.0001 	0.0000	0.0001	+0.0000	+0.0000	+0.0000	+0.0000	+0.0000	+0.0000	+0.0000	    	0.00
31	0.9540 	0.0003 	0.0002	0.0004	+0.0000	+0.0000	-0.0001	+0.0000	+0.0001	-0.0002	+0.0000	    	0.75
32	0.9582 	0.0002 	0.0002	0.0003	+0.0000	+0.0000	+0.0001	+0.0001	+0.0000	+0.0001	+0.0002	    	1.22
33	0.9849 	0.0002 	0.0001	0.0002	+0.0001	+0.0000	+0.0000	+0.0000	+0.0000	+0.0001	+0.0000	    	0.71
34	0.9671 	0.0002 	0.0001	0.0002	+0.0001	+0.0000	+0.0000	+0.0000	+0.0000	+0.0000	+0.0000	    	0.50
35	0.9538 	0.0006 	0.0004	0.0007	+0.0001	-0.0001	+0.0001	+0.0001	+0.0003	-0.0001	+0.0002	    	0.65
36	0.9515 	0.0012 	0.0008	0.0014	+0.0001	-0.0003	+0.0004	+0.0001	-0.0001	+0.0002	+0.0006	    	0.67
37	0.9844 	0.0013 	0.0005	0.0014	+0.0000	-0.0002	+0.0002	-0.0003	-0.0002	-0.0001	+0.0002	    	0.35
38	0.9667 	0.0013 	0.0008	0.0015	+0.0007	+0.0001	+0.0003	+0.0001	+0.0000	+0.0000	-0.0002	    	0.61
39	0.9552 	0.0045 	0.0035	0.0057	-0.0007	-0.0013	-0.0021	+0.0000	+0.0008	-0.0011	+0.0022	    	0.77
Average	error:	0.000918 (stat)	0.000608 (syst)	0.001127 (total)

TnP Configurations 
Event Selection(Data) : ( (probe_isMedium && probe_miniIso_rhoAll < 0.1 && probe_iso03_sumPt/probe_pt < 0.4 && ( (probe_3DIPerrVTX > 0 && probe_3DIPVTX/probe_3DIPerrVTX < 3) || probe_3DIPerrVTX == 0) ) && tag_isTight && tag_HLT_IsoMu24_v==1 && tag_pt > 26 && fabs(tag_eta) < 2.4 && (tag_pfIso04_charged + max(0, tag_pfIso04_neutral+tag_pfIso04_photon-(0.5*tag_pfIso04_sumPU)))/tag_pt < 0.15 && 60 < pair_mass && pair_mass < 140 && pair_dR > 0.3) 
Event Selection(MC) : ( (probe_isMedium && probe_miniIso_rhoAll < 0.1 && probe_iso03_sumPt/probe_pt < 0.4 && ( (probe_3DIPerrVTX > 0 && probe_3DIPVTX/probe_3DIPerrVTX < 3) || probe_3DIPerrVTX == 0) ) && tag_isTight && tag_HLT_IsoMu24_v==1 && tag_pt > 26 && fabs(tag_eta) < 2.4 && (tag_pfIso04_charged + max(0, tag_pfIso04_neutral+tag_pfIso04_photon-(0.5*tag_pfIso04_sumPU)))/tag_pt < 0.15 && 60 < pair_mass && pair_mass < 140 && pair_dR > 0.3)*(genWeight) 
Passing Probe Condtion : (probe_isMedium && probe_miniIso_rhoAll < 0.1 && probe_iso03_sumPt/probe_pt < 0.4 && ( (probe_3DIPerrVTX > 0 && probe_3DIPVTX/probe_3DIPerrVTX < 3) || probe_3DIPerrVTX == 0) ) && ( (probe_hltL3fL1sDoubleMu114L1f0L2f10OneMuL3Filtered17_dr<0.3 && probe_hltDiMuonGlb17Glb8RelTrkIsoFiltered0p4_dr<0.3) || (probe_hltL3fL1sDoubleMu114L1f0L2f10L3Filtered17_dr<0.3 && probe_hltDiMuonGlb17Trk8RelTrkIsoFiltered0p4_dr<0.3) || (probe_hltL3fL1sDoubleMu114TkFiltered17Q_dr<0.3 && probe_hltDiMuonTrk17Trk8RelTrkIsoFiltered0p4_dr<0.3) ) 
Input file(Data) : ['/gv0/Users/choij/TnPTrees/v220707/muon/Run2016_UL_HIPM/SingleMuon_2016a.root'] 
Input file(MC) : ['/gv0/Users/choij/TnPTrees/v220707/muon/Run2016_UL_HIPM/DYJetsToLL_M-50_TuneCP5_13TeV-madgraphMLM-pythia8.root'] 
Binnings : [{'var': 'fabs(probe_eta)', 'type': 'float', 'bins': [0.0, 0.9, 1.2, 2.1, 2.4], 'title': '|#eta_{SC}|'}, {'var': 'probe_pt', 'type': 'float', 'bins': [10.0, 14.0, 16.0, 18.0, 20.0, 25.0, 30.0, 40.0, 50.0, 100.0, 200.0], 'title': 'p_{T}'}] 
