ibin	Central	Staterr	Systerr	Totalerr  [MassRange]	[MassBin]	[TagIso]	[AltSig]   Syst/Stat
0	0.0002 	0.0001 	0.0000	0.0001	+0.0000	+0.0000	+0.0000	+0.0000	+0.0000	+0.0000	+0.0000	    	0.00
1	0.0014 	0.0003 	0.0001	0.0003	+0.0001	+0.0001	+0.0000	+0.0000	+0.0001	+0.0000	+0.0000	    	0.47
2	0.0007 	0.0001 	0.0000	0.0001	+0.0000	+0.0000	+0.0000	+0.0000	+0.0000	+0.0000	+0.0000	    	0.00
3	0.0020 	0.0004 	0.0000	0.0004	+0.0000	+0.0000	+0.0000	+0.0000	+0.0000	+0.0000	+0.0000	    	0.00
4	0.0006 	0.0001 	0.0001	0.0001	+0.0000	+0.0000	+0.0000	+0.0000	+0.0000	+0.0000	+0.0001	    	1.00
5	0.0057 	0.0006 	0.0002	0.0006	+0.0000	+0.0000	+0.0000	+0.0000	+0.0000	+0.0002	+0.0000	    	0.33
6	0.0067 	0.0005 	0.0005	0.0007	-0.0001	+0.0002	-0.0003	-0.0001	-0.0002	+0.0000	+0.0003	    	1.02
7	0.0202 	0.0014 	0.0011	0.0018	-0.0009	-0.0004	+0.0000	+0.0000	+0.0006	+0.0005	+0.0001	    	0.78
8	0.4826 	0.0024 	0.0012	0.0027	+0.0010	-0.0003	+0.0000	-0.0001	-0.0001	+0.0003	-0.0005	    	0.48
9	0.4835 	0.0040 	0.0028	0.0049	-0.0018	-0.0001	+0.0019	+0.0000	+0.0006	-0.0009	+0.0000	    	0.69
10	0.4583 	0.0023 	0.0027	0.0035	+0.0017	+0.0007	-0.0004	+0.0001	+0.0002	+0.0001	-0.0020	    	1.16
11	0.3582 	0.0044 	0.0025	0.0051	+0.0003	+0.0003	+0.0014	+0.0000	+0.0019	+0.0017	+0.0009	    	0.58
12	0.9049 	0.0012 	0.0012	0.0017	+0.0004	-0.0009	-0.0007	-0.0001	-0.0003	-0.0003	-0.0004	    	1.04
13	0.9168 	0.0017 	0.0044	0.0047	+0.0025	+0.0016	+0.0033	+0.0002	+0.0005	+0.0006	+0.0013	    	2.58
14	0.9049 	0.0012 	0.0016	0.0020	+0.0000	-0.0009	-0.0008	-0.0001	+0.0004	-0.0001	-0.0010	    	1.35
15	0.7532 	0.0035 	0.0049	0.0060	+0.0016	-0.0007	-0.0043	+0.0001	+0.0017	+0.0005	-0.0001	    	1.40
16	0.9070 	0.0005 	0.0004	0.0007	-0.0003	-0.0004	-0.0001	+0.0000	+0.0000	+0.0001	+0.0000	    	0.85
17	0.9353 	0.0008 	0.0007	0.0010	-0.0006	-0.0006	+0.0003	+0.0001	+0.0001	-0.0001	+0.0000	    	0.85
18	0.9235 	0.0006 	0.0006	0.0008	+0.0005	-0.0001	-0.0001	+0.0001	+0.0000	+0.0002	+0.0002	    	0.97
19	0.8087 	0.0016 	0.0012	0.0020	+0.0001	-0.0001	-0.0008	+0.0000	+0.0002	+0.0001	-0.0009	    	0.77
20	0.9071 	0.0004 	0.0005	0.0007	+0.0004	+0.0004	+0.0003	+0.0000	+0.0002	-0.0001	+0.0000	    	1.35
21	0.9361 	0.0006 	0.0012	0.0013	-0.0004	+0.0002	+0.0005	+0.0001	+0.0002	+0.0001	-0.0010	    	2.01
22	0.9310 	0.0004 	0.0004	0.0005	+0.0000	+0.0000	-0.0002	+0.0000	-0.0001	+0.0000	+0.0003	    	0.94
23	0.8399 	0.0011 	0.0013	0.0017	+0.0009	-0.0003	-0.0008	+0.0000	-0.0002	+0.0003	+0.0003	    	1.16
24	0.9061 	0.0002 	0.0002	0.0003	+0.0001	+0.0000	-0.0001	+0.0000	+0.0000	-0.0001	+0.0000	    	0.87
25	0.9368 	0.0003 	0.0003	0.0005	+0.0003	+0.0000	-0.0001	+0.0000	+0.0000	-0.0001	-0.0001	    	1.15
26	0.9330 	0.0002 	0.0002	0.0003	+0.0000	+0.0000	+0.0002	+0.0000	+0.0001	+0.0000	+0.0000	    	1.12
27	0.8649 	0.0006 	0.0006	0.0008	+0.0004	-0.0001	+0.0000	+0.0000	+0.0002	+0.0001	-0.0004	    	1.00
28	0.9069 	0.0002 	0.0001	0.0002	+0.0000	+0.0000	-0.0001	+0.0000	+0.0000	-0.0001	+0.0000	    	0.71
29	0.9364 	0.0002 	0.0002	0.0003	-0.0002	-0.0001	+0.0000	+0.0000	+0.0000	+0.0000	+0.0000	    	1.00
30	0.9331 	0.0002 	0.0001	0.0002	+0.0000	+0.0000	+0.0001	+0.0000	+0.0001	+0.0000	+0.0000	    	0.71
31	0.8799 	0.0005 	0.0003	0.0006	+0.0002	+0.0000	-0.0001	+0.0001	+0.0001	-0.0001	+0.0001	    	0.53
32	0.9056 	0.0003 	0.0003	0.0004	+0.0002	-0.0001	+0.0001	+0.0001	+0.0002	+0.0000	+0.0000	    	1.00
33	0.9358 	0.0004 	0.0018	0.0018	+0.0014	+0.0007	+0.0007	+0.0000	+0.0001	-0.0001	+0.0008	    	4.40
34	0.9249 	0.0003 	0.0004	0.0005	-0.0003	+0.0000	-0.0001	+0.0000	+0.0000	-0.0002	-0.0001	    	1.29
35	0.8854 	0.0009 	0.0010	0.0014	+0.0002	+0.0006	+0.0003	+0.0000	+0.0000	+0.0000	+0.0008	    	1.16
36	0.8978 	0.0015 	0.0014	0.0021	+0.0002	-0.0012	+0.0005	+0.0001	+0.0002	-0.0001	+0.0006	    	0.96
37	0.9353 	0.0022 	0.0013	0.0026	+0.0011	-0.0004	+0.0002	-0.0002	-0.0004	-0.0004	-0.0006	    	0.60
38	0.8560 	0.0023 	0.0014	0.0027	+0.0004	-0.0007	+0.0008	+0.0002	-0.0007	-0.0002	-0.0006	    	0.61
39	0.8698 	0.0066 	0.0076	0.0100	+0.0007	-0.0023	-0.0065	+0.0000	-0.0013	+0.0014	+0.0028	    	1.15
Average	error:	0.001177 (stat)	0.001174 (syst)	0.001707 (total)

TnP Configurations 
Event Selection(Data) : ( (probe_isMedium && probe_miniIso_rhoAll < 0.1 && probe_iso03_sumPt/probe_pt < 0.4 && ( (probe_3DIPerrVTX > 0 && probe_3DIPVTX/probe_3DIPerrVTX < 3) || probe_3DIPerrVTX == 0) ) && tag_isTight && tag_HLT_IsoMu24_v==1 && tag_pt > 26 && fabs(tag_eta) < 2.4 && (tag_pfIso04_charged + max(0, tag_pfIso04_neutral+tag_pfIso04_photon-(0.5*tag_pfIso04_sumPU)))/tag_pt < 0.15 && 60 < pair_mass && pair_mass < 140 && pair_dR > 0.3) 
Event Selection(MC) : ( (probe_isMedium && probe_miniIso_rhoAll < 0.1 && probe_iso03_sumPt/probe_pt < 0.4 && ( (probe_3DIPerrVTX > 0 && probe_3DIPVTX/probe_3DIPerrVTX < 3) || probe_3DIPerrVTX == 0) ) && tag_isTight && tag_HLT_IsoMu24_v==1 && tag_pt > 26 && fabs(tag_eta) < 2.4 && (tag_pfIso04_charged + max(0, tag_pfIso04_neutral+tag_pfIso04_photon-(0.5*tag_pfIso04_sumPU)))/tag_pt < 0.15 && 60 < pair_mass && pair_mass < 140 && pair_dR > 0.3)*(genWeight) 
Passing Probe Condtion : (probe_isMedium && probe_miniIso_rhoAll < 0.1 && probe_iso03_sumPt/probe_pt < 0.4 && ( (probe_3DIPerrVTX > 0 && probe_3DIPVTX/probe_3DIPerrVTX < 3) || probe_3DIPerrVTX == 0) ) && ( (probe_hltL3fL1sDoubleMu114L1f0L2f10OneMuL3Filtered17_dr<0.3 && probe_hltDiMuonGlb17Glb8RelTrkIsoFiltered0p4_dr<0.3) || (probe_hltL3fL1sDoubleMu114L1f0L2f10L3Filtered17_dr<0.3 && probe_hltDiMuonGlb17Trk8RelTrkIsoFiltered0p4_dr<0.3) || (probe_hltL3fL1sDoubleMu114TkFiltered17Q_dr<0.3 && probe_hltDiMuonTrk17Trk8RelTrkIsoFiltered0p4_dr<0.3) ) 
Input file(Data) : ['/gv0/Users/choij/TnPTrees/v220707/muon/Run2016_UL_HIPM/SingleMuon_2016a.root'] 
Input file(MC) : ['/gv0/Users/choij/TnPTrees/v220707/muon/Run2016_UL_HIPM/DYJetsToLL_M-50_TuneCP5_13TeV-madgraphMLM-pythia8.root'] 
Binnings : [{'var': 'fabs(probe_eta)', 'type': 'float', 'bins': [0.0, 0.9, 1.2, 2.1, 2.4], 'title': '|#eta_{SC}|'}, {'var': 'probe_pt', 'type': 'float', 'bins': [10.0, 14.0, 16.0, 18.0, 20.0, 25.0, 30.0, 40.0, 50.0, 100.0, 200.0], 'title': 'p_{T}'}] 
