==== Data Efficiency Comparison ====
==== Binning Info ====
x-axis: [0.0, 0.9, 1.2, 2.1, 2.4]
y-axis: [15.0, 20.0, 25.0, 30.0, 40.0, 50.0, 60.0, 120.0]
[0.0, 15.0] 0.746, 0.741, 0.006
[0.0, 20.0] 0.805, 0.802, 0.004
[0.0, 25.0] 0.863, 0.859, 0.004
[0.0, 30.0] 0.929, 0.930, -0.001
[0.0, 40.0] 0.970, 0.971, -0.001
[0.0, 50.0] 0.979, 0.980, -0.001
[0.0, 60.0] 0.985, 0.986, -0.001
[0.9, 15.0] 0.768, 0.768, 0.000
[0.9, 20.0] 0.820, 0.818, 0.002
[0.9, 25.0] 0.868, 0.871, -0.003
[0.9, 30.0] 0.932, 0.935, -0.003
[0.9, 40.0] 0.973, 0.974, -0.001
[0.9, 50.0] 0.983, 0.984, -0.001
[0.9, 60.0] 0.988, 0.988, -0.001
[1.2, 15.0] 0.812, 0.809, 0.004
[1.2, 20.0] 0.860, 0.862, -0.002
[1.2, 25.0] 0.900, 0.904, -0.005
[1.2, 30.0] 0.947, 0.950, -0.003
[1.2, 40.0] 0.980, 0.982, -0.001
[1.2, 50.0] 0.987, 0.987, -0.001
[1.2, 60.0] 0.990, 0.990, -0.000
[2.1, 15.0] 0.805, 0.800, 0.006
[2.1, 20.0] 0.861, 0.857, 0.005
[2.1, 25.0] 0.902, 0.904, -0.002
[2.1, 30.0] 0.951, 0.952, -0.001
[2.1, 40.0] 0.979, 0.980, -0.001
[2.1, 50.0] 0.988, 0.988, -0.001
[2.1, 60.0] 0.992, 0.993, -0.001

==== MC Efficiency Comparison ====
==== Binning Info ====
x-axis: [0.0, 0.9, 1.2, 2.1, 2.4]
y-axis: [15.0, 20.0, 25.0, 30.0, 40.0, 50.0, 60.0, 120.0]
[0.0, 15.0] 0.744, 0.749, -0.007
[0.0, 20.0] 0.805, 0.806, -0.001
[0.0, 25.0] 0.865, 0.866, -0.001
[0.0, 30.0] 0.933, 0.934, -0.001
[0.0, 40.0] 0.973, 0.974, -0.002
[0.0, 50.0] 0.980, 0.983, -0.003
[0.0, 60.0] 0.986, 0.987, -0.002
[0.9, 15.0] 0.757, 0.766, -0.012
[0.9, 20.0] 0.813, 0.818, -0.006
[0.9, 25.0] 0.863, 0.868, -0.005
[0.9, 30.0] 0.931, 0.934, -0.003
[0.9, 40.0] 0.974, 0.976, -0.002
[0.9, 50.0] 0.982, 0.984, -0.002
[0.9, 60.0] 0.987, 0.988, -0.001
[1.2, 15.0] 0.796, 0.807, -0.013
[1.2, 20.0] 0.849, 0.856, -0.008
[1.2, 25.0] 0.893, 0.900, -0.007
[1.2, 30.0] 0.945, 0.949, -0.005
[1.2, 40.0] 0.979, 0.982, -0.002
[1.2, 50.0] 0.986, 0.988, -0.002
[1.2, 60.0] 0.990, 0.991, -0.001
[2.1, 15.0] 0.774, 0.789, -0.019
[2.1, 20.0] 0.837, 0.847, -0.013
[2.1, 25.0] 0.891, 0.900, -0.010
[2.1, 30.0] 0.941, 0.949, -0.008
[2.1, 40.0] 0.975, 0.979, -0.005
[2.1, 50.0] 0.985, 0.987, -0.003
[2.1, 60.0] 0.991, 0.992, -0.001
