ibin	Central	Staterr	Systerr	Totalerr  [MassRange]	[MassBin]	[TagIso]	[AltSig]   Syst/Stat
0	0.9408 	0.0012 	0.0010	0.0016	-0.0007	+0.0008	-0.0006	+0.0001	-0.0002	+0.0002	+0.0000	    	0.85
1	0.9785 	0.0010 	0.0008	0.0013	-0.0001	+0.0005	+0.0006	+0.0001	-0.0001	+0.0000	+0.0001	    	0.79
2	0.9590 	0.0008 	0.0009	0.0012	+0.0003	+0.0004	+0.0007	+0.0000	+0.0005	-0.0002	+0.0000	    	1.19
3	0.9505 	0.0017 	0.0010	0.0020	+0.0006	-0.0003	+0.0007	+0.0000	-0.0001	-0.0002	+0.0004	    	0.60
4	0.9443 	0.0007 	0.0003	0.0008	+0.0002	-0.0002	+0.0002	+0.0001	+0.0002	+0.0001	+0.0000	    	0.49
5	0.9814 	0.0007 	0.0005	0.0009	+0.0002	-0.0003	-0.0001	+0.0000	-0.0001	+0.0001	-0.0004	    	0.74
6	0.9631 	0.0006 	0.0003	0.0007	+0.0001	+0.0002	-0.0001	+0.0001	+0.0001	-0.0001	+0.0001	    	0.44
7	0.9549 	0.0012 	0.0008	0.0014	+0.0001	-0.0001	+0.0004	+0.0001	+0.0004	+0.0004	-0.0005	    	0.63
8	0.9457 	0.0004 	0.0005	0.0007	-0.0001	-0.0002	+0.0004	+0.0000	+0.0000	+0.0000	-0.0003	    	1.35
9	0.9821 	0.0005 	0.0006	0.0008	+0.0004	+0.0002	-0.0003	-0.0001	+0.0000	-0.0001	+0.0003	    	1.18
10	0.9644 	0.0004 	0.0009	0.0010	+0.0001	+0.0001	+0.0001	+0.0000	+0.0002	+0.0000	+0.0009	    	2.33
11	0.9591 	0.0008 	0.0007	0.0011	-0.0006	-0.0002	-0.0004	+0.0000	+0.0000	-0.0001	+0.0000	    	0.91
12	0.9461 	0.0003 	0.0003	0.0004	+0.0000	+0.0002	+0.0002	+0.0000	+0.0000	+0.0000	+0.0000	    	0.94
13	0.9820 	0.0004 	0.0002	0.0005	+0.0002	-0.0001	+0.0001	+0.0000	+0.0000	+0.0000	+0.0000	    	0.56
14	0.9657 	0.0003 	0.0002	0.0004	+0.0001	-0.0001	+0.0000	+0.0001	+0.0000	-0.0001	+0.0001	    	0.67
15	0.9609 	0.0006 	0.0005	0.0008	-0.0005	-0.0004	-0.0001	+0.0000	+0.0000	+0.0000	+0.0002	    	0.91
16	0.9464 	0.0001 	0.0000	0.0001	+0.0000	+0.0000	+0.0000	+0.0000	+0.0000	+0.0000	+0.0000	    	0.00
17	0.9812 	0.0002 	0.0003	0.0003	-0.0001	+0.0000	+0.0001	+0.0000	+0.0001	+0.0000	-0.0002	    	1.32
18	0.9665 	0.0001 	0.0001	0.0002	+0.0000	-0.0001	+0.0000	+0.0000	+0.0000	+0.0000	-0.0001	    	1.41
19	0.9612 	0.0003 	0.0002	0.0004	+0.0000	-0.0001	+0.0000	+0.0000	+0.0002	+0.0000	-0.0001	    	0.82
20	0.9453 	0.0001 	0.0001	0.0001	+0.0000	+0.0000	-0.0001	+0.0000	+0.0000	+0.0000	+0.0000	    	1.00
21	0.9808 	0.0001 	0.0002	0.0002	+0.0000	+0.0001	+0.0001	+0.0000	+0.0001	+0.0000	+0.0001	    	2.00
22	0.9670 	0.0001 	0.0002	0.0002	-0.0001	-0.0001	-0.0001	+0.0000	-0.0001	+0.0000	-0.0001	    	2.00
23	0.9609 	0.0003 	0.0001	0.0003	+0.0001	+0.0000	+0.0000	+0.0000	+0.0000	-0.0001	+0.0000	    	0.47
24	0.9429 	0.0002 	0.0004	0.0005	+0.0003	+0.0002	+0.0000	+0.0000	+0.0001	+0.0001	+0.0003	    	2.18
25	0.9804 	0.0002 	0.0002	0.0003	+0.0001	+0.0000	+0.0001	+0.0000	+0.0001	+0.0001	+0.0001	    	1.00
26	0.9665 	0.0002 	0.0006	0.0007	+0.0004	+0.0002	+0.0000	+0.0000	+0.0000	+0.0000	+0.0005	    	3.20
27	0.9600 	0.0005 	0.0006	0.0007	+0.0000	+0.0002	-0.0001	+0.0000	+0.0001	+0.0000	+0.0005	    	1.11
28	0.9352 	0.0013 	0.0007	0.0015	+0.0003	-0.0002	-0.0006	+0.0000	-0.0001	+0.0000	+0.0001	    	0.53
29	0.9793 	0.0013 	0.0005	0.0014	-0.0004	+0.0003	-0.0001	+0.0001	-0.0001	+0.0003	-0.0002	    	0.42
30	0.9666 	0.0012 	0.0010	0.0016	+0.0004	-0.0005	+0.0002	+0.0000	+0.0001	-0.0003	-0.0008	    	0.84
31	0.9588 	0.0036 	0.0027	0.0045	+0.0013	+0.0011	+0.0019	+0.0002	-0.0007	-0.0003	+0.0012	    	0.75
Average	error:	0.000669 (stat)	0.000556 (syst)	0.000888 (total)

TnP Configurations 
Event Selection(Data) : ( (probe_isMedium && probe_miniIso_rhoAll < 0.1 && probe_iso03_sumPt/probe_pt < 0.4 && ( (probe_3DIPerrVTX > 0 && probe_3DIPVTX/probe_3DIPerrVTX < 3) || probe_3DIPerrVTX == 0) ) && tag_isTight && tag_HLT_IsoMu24_v==1 && tag_pt > 26 && fabs(tag_eta) < 2.4 && (tag_pfIso04_charged + max(0, tag_pfIso04_neutral+tag_pfIso04_photon-(0.5*tag_pfIso04_sumPU)))/tag_pt < 0.15 && 60 < pair_mass && pair_mass < 140 && pair_dR > 0.3) 
Event Selection(MC) : ( (probe_isMedium && probe_miniIso_rhoAll < 0.1 && probe_iso03_sumPt/probe_pt < 0.4 && ( (probe_3DIPerrVTX > 0 && probe_3DIPVTX/probe_3DIPerrVTX < 3) || probe_3DIPerrVTX == 0) ) && tag_isTight && tag_HLT_IsoMu24_v==1 && tag_pt > 26 && fabs(tag_eta) < 2.4 && (tag_pfIso04_charged + max(0, tag_pfIso04_neutral+tag_pfIso04_photon-(0.5*tag_pfIso04_sumPU)))/tag_pt < 0.15 && 60 < pair_mass && pair_mass < 140 && pair_dR > 0.3)*(genWeight) 
Passing Probe Condtion : (probe_isMedium && probe_miniIso_rhoAll < 0.1 && probe_iso03_sumPt/probe_pt < 0.4 && ( (probe_3DIPerrVTX > 0 && probe_3DIPVTX/probe_3DIPerrVTX < 3) || probe_3DIPerrVTX == 0) ) && (probe_hltDiMuonGlb17Glb8RelTrkIsoFiltered0p4_dr<0.3 || probe_hltDiMuonGlb17Trk8RelTrkIsoFiltered0p4_dr<0.3 || probe_hltDiMuonTrk17Trk8RelTrkIsoFiltered0p4_dr<0.3) 
Input file(Data) : ['/gv0/Users/choij/TnPTrees/v220707/muon/Run2016_UL/SingleMuon_2016b.root'] 
Input file(MC) : ['/gv0/Users/choij/TnPTrees/v220707/muon/Run2016_UL/DYJetsToLL_M-50_TuneCP5_13TeV-madgraphMLM-pythia8.root'] 
Binnings : [{'var': 'fabs(probe_eta)', 'type': 'float', 'bins': [0.0, 0.9, 1.2, 2.1, 2.4], 'title': '|#eta_{SC}|'}, {'var': 'probe_pt', 'type': 'float', 'bins': [10.0, 15.0, 20.0, 25.0, 30.0, 40.0, 50.0, 100.0, 200.0], 'title': 'p_{T}'}] 
