ibin	Central	Staterr	Systerr	Totalerr  [MassRange]	[MassBin]	[TagIso]	[AltSig]   Syst/Stat
0	0.9270 	0.0013 	0.0002	0.0013	-0.0002	+0.0000	+0.0001	+0.0001	+0.0001	+0.0001	+0.0000	    	0.19
1	0.9663 	0.0013 	0.0007	0.0015	+0.0000	-0.0006	-0.0001	-0.0001	-0.0001	-0.0002	-0.0002	    	0.52
2	0.9577 	0.0008 	0.0003	0.0009	+0.0003	+0.0000	-0.0001	+0.0000	-0.0001	+0.0000	-0.0001	    	0.43
3	0.9271 	0.0022 	0.0019	0.0029	+0.0016	+0.0009	-0.0002	+0.0000	+0.0006	-0.0001	-0.0009	    	0.88
4	0.9257 	0.0007 	0.0004	0.0008	+0.0000	-0.0003	-0.0002	+0.0000	+0.0000	-0.0001	-0.0002	    	0.61
5	0.9650 	0.0009 	0.0013	0.0016	-0.0002	-0.0008	-0.0006	-0.0006	+0.0004	-0.0005	-0.0007	    	1.47
6	0.9602 	0.0006 	0.0005	0.0008	+0.0001	-0.0002	+0.0002	+0.0000	+0.0004	+0.0000	+0.0000	    	0.82
7	0.9343 	0.0014 	0.0026	0.0029	+0.0001	-0.0005	+0.0005	-0.0017	-0.0004	-0.0017	-0.0008	    	1.84
8	0.9274 	0.0005 	0.0007	0.0009	-0.0001	-0.0007	+0.0002	+0.0000	-0.0001	+0.0001	+0.0000	    	1.47
9	0.9655 	0.0006 	0.0008	0.0010	+0.0003	+0.0000	+0.0007	+0.0001	+0.0001	+0.0001	+0.0000	    	1.28
10	0.9613 	0.0004 	0.0007	0.0008	+0.0004	+0.0001	-0.0001	+0.0000	+0.0001	-0.0001	+0.0006	    	1.84
11	0.9401 	0.0010 	0.0011	0.0015	+0.0007	-0.0001	+0.0007	+0.0000	+0.0004	-0.0005	-0.0003	    	1.15
12	0.9272 	0.0003 	0.0004	0.0005	+0.0002	-0.0001	+0.0003	+0.0000	+0.0000	+0.0000	+0.0000	    	1.20
13	0.9659 	0.0004 	0.0002	0.0005	-0.0002	-0.0001	+0.0000	+0.0001	+0.0000	+0.0000	+0.0000	    	0.56
14	0.9623 	0.0003 	0.0006	0.0006	+0.0002	+0.0004	+0.0000	+0.0000	+0.0000	+0.0000	+0.0004	    	1.89
15	0.9411 	0.0007 	0.0004	0.0008	+0.0000	-0.0004	+0.0001	+0.0000	+0.0001	+0.0000	+0.0000	    	0.61
16	0.9273 	0.0002 	0.0004	0.0005	+0.0000	+0.0000	+0.0001	+0.0000	-0.0002	-0.0003	+0.0003	    	2.18
17	0.9648 	0.0002 	0.0002	0.0003	+0.0000	-0.0001	+0.0000	+0.0000	-0.0001	-0.0001	+0.0001	    	0.87
18	0.9621 	0.0001 	0.0003	0.0003	+0.0002	+0.0002	+0.0002	+0.0002	+0.0001	+0.0000	+0.0000	    	3.00
19	0.9443 	0.0004 	0.0009	0.0010	+0.0000	-0.0006	+0.0000	-0.0001	+0.0001	+0.0000	-0.0007	    	2.33
20	0.9268 	0.0001 	0.0000	0.0001	+0.0000	+0.0000	+0.0000	+0.0000	+0.0000	+0.0000	+0.0000	    	0.00
21	0.9639 	0.0002 	0.0002	0.0003	-0.0001	+0.0000	+0.0001	+0.0000	+0.0001	+0.0000	+0.0000	    	0.87
22	0.9626 	0.0001 	0.0001	0.0001	+0.0000	+0.0000	+0.0000	+0.0000	+0.0000	-0.0001	+0.0000	    	1.00
23	0.9451 	0.0004 	0.0002	0.0005	+0.0002	+0.0000	+0.0000	+0.0000	+0.0000	-0.0001	-0.0001	    	0.61
24	0.9255 	0.0002 	0.0002	0.0003	-0.0001	+0.0000	+0.0001	+0.0000	+0.0001	-0.0001	+0.0000	    	0.87
25	0.9636 	0.0003 	0.0002	0.0004	-0.0001	+0.0000	+0.0001	+0.0000	+0.0001	+0.0000	+0.0001	    	0.67
26	0.9621 	0.0002 	0.0002	0.0003	-0.0001	+0.0000	+0.0000	+0.0000	+0.0000	-0.0001	-0.0002	    	1.22
27	0.9416 	0.0006 	0.0005	0.0008	+0.0000	+0.0003	+0.0002	+0.0000	+0.0000	+0.0000	+0.0003	    	0.78
28	0.9194 	0.0014 	0.0004	0.0014	-0.0001	+0.0002	+0.0001	+0.0000	-0.0002	+0.0001	-0.0002	    	0.26
29	0.9612 	0.0018 	0.0004	0.0018	-0.0002	+0.0000	+0.0003	+0.0003	+0.0000	+0.0002	+0.0001	    	0.24
30	0.9304 	0.0016 	0.0020	0.0026	+0.0000	-0.0005	+0.0011	+0.0001	-0.0007	+0.0003	-0.0015	    	1.28
31	0.9221 	0.0053 	0.0014	0.0055	+0.0010	-0.0007	-0.0004	-0.0002	-0.0007	+0.0007	+0.0005	    	0.26
Average	error:	0.000828 (stat)	0.000645 (syst)	0.001108 (total)

TnP Configurations 
Event Selection(Data) : ( (probe_isMedium && probe_miniIso_rhoAll < 0.1 && probe_iso03_sumPt/probe_pt < 0.4 && ( (probe_3DIPerrVTX > 0 && probe_3DIPVTX/probe_3DIPerrVTX < 3) || probe_3DIPerrVTX == 0) ) && tag_isTight && tag_HLT_IsoMu24_v==1 && tag_pt > 26 && fabs(tag_eta) < 2.4 && (tag_pfIso04_charged + max(0, tag_pfIso04_neutral+tag_pfIso04_photon-(0.5*tag_pfIso04_sumPU)))/tag_pt < 0.15 && 60 < pair_mass && pair_mass < 140 && pair_dR > 0.3) 
Event Selection(MC) : ( (probe_isMedium && probe_miniIso_rhoAll < 0.1 && probe_iso03_sumPt/probe_pt < 0.4 && ( (probe_3DIPerrVTX > 0 && probe_3DIPVTX/probe_3DIPerrVTX < 3) || probe_3DIPerrVTX == 0) ) && tag_isTight && tag_HLT_IsoMu24_v==1 && tag_pt > 26 && fabs(tag_eta) < 2.4 && (tag_pfIso04_charged + max(0, tag_pfIso04_neutral+tag_pfIso04_photon-(0.5*tag_pfIso04_sumPU)))/tag_pt < 0.15 && 60 < pair_mass && pair_mass < 140 && pair_dR > 0.3) 
Passing Probe Condtion : (probe_isMedium && probe_miniIso_rhoAll < 0.1 && probe_iso03_sumPt/probe_pt < 0.4 && ( (probe_3DIPerrVTX > 0 && probe_3DIPVTX/probe_3DIPerrVTX < 3) || probe_3DIPerrVTX == 0) ) && (probe_hltDiMuonGlb17Glb8RelTrkIsoFiltered0p4_dr<0.3 || probe_hltDiMuonGlb17Trk8RelTrkIsoFiltered0p4_dr<0.3 || probe_hltDiMuonTrk17Trk8RelTrkIsoFiltered0p4_dr<0.3) 
Input file(Data) : ['/gv0/Users/choij/TnPTrees/v220707/muon/Run2016_UL_HIPM/SingleMuon_2016a.root'] 
Input file(MC) : ['/gv0/Users/choij/TnPTrees/v220707/muon/Run2016_UL_HIPM/DYJetsToMuMu_M-50_TuneCP5_13TeV-powhegMiNNLO-pythia8-photos.root'] 
Binnings : [{'var': 'fabs(probe_eta)', 'type': 'float', 'bins': [0.0, 0.9, 1.2, 2.1, 2.4], 'title': '|#eta_{SC}|'}, {'var': 'probe_pt', 'type': 'float', 'bins': [10.0, 15.0, 20.0, 25.0, 30.0, 40.0, 50.0, 100.0, 200.0], 'title': 'p_{T}'}] 
