ibin	Central	Staterr	Systerr	Totalerr  [MassRange]	[MassBin]	[TagIso]	[AltSig]   Syst/Stat
0	0.7869 	0.0020 	0.0152	0.0154	+0.0133	-0.0152	-0.0004	-0.0002	+0.0011	-0.0002	+0.0000	    	7.62
1	0.7915 	0.0030 	0.0116	0.0120	+0.0095	-0.0116	-0.0004	-0.0003	+0.0003	+0.0002	+0.0000	    	3.87
2	0.7852 	0.0012 	0.0065	0.0066	+0.0038	-0.0065	-0.0003	-0.0003	-0.0003	-0.0002	+0.0002	    	5.43
3	0.7202 	0.0025 	0.0119	0.0121	+0.0007	+0.0017	+0.0019	+0.0013	+0.0016	+0.0022	-0.0114	    	4.75
4	0.8272 	0.0010 	0.0220	0.0220	+0.0176	-0.0220	+0.0004	-0.0002	-0.0001	-0.0002	+0.0000	    	22.00
5	0.8304 	0.0014 	0.0164	0.0165	+0.0125	-0.0163	-0.0016	-0.0001	+0.0012	+0.0001	+0.0000	    	11.73
6	0.8146 	0.0009 	0.0111	0.0111	+0.0078	-0.0109	-0.0002	-0.0003	+0.0002	-0.0003	-0.0021	    	12.34
7	0.7437 	0.0015 	0.0080	0.0081	+0.0040	-0.0070	+0.0018	+0.0003	+0.0001	+0.0004	-0.0033	    	5.30
8	0.8585 	0.0006 	0.0175	0.0175	+0.0153	-0.0175	+0.0001	-0.0002	+0.0003	-0.0003	+0.0000	    	29.17
9	0.8539 	0.0009 	0.0146	0.0146	+0.0143	-0.0146	+0.0000	+0.0000	-0.0001	-0.0002	+0.0000	    	16.22
10	0.8365 	0.0006 	0.0121	0.0121	+0.0099	-0.0121	+0.0000	-0.0002	-0.0003	-0.0001	-0.0001	    	20.18
11	0.7674 	0.0011 	0.0069	0.0070	+0.0062	-0.0069	-0.0006	-0.0004	-0.0002	-0.0002	+0.0000	    	6.30
12	0.8946 	0.0003 	0.0086	0.0086	+0.0086	-0.0030	+0.0000	+0.0000	+0.0004	-0.0003	+0.0000	    	28.70
13	0.8786 	0.0006 	0.0100	0.0100	+0.0099	-0.0045	+0.0001	+0.0002	-0.0002	+0.0002	+0.0011	    	16.61
14	0.8641 	0.0003 	0.0080	0.0080	+0.0080	-0.0041	+0.0000	+0.0000	+0.0000	-0.0002	+0.0000	    	26.67
15	0.7962 	0.0008 	0.0048	0.0048	+0.0047	-0.0025	+0.0000	-0.0001	+0.0007	-0.0001	+0.0003	    	5.95
16	0.9375 	0.0001 	0.0009	0.0009	+0.0009	-0.0001	+0.0000	+0.0000	+0.0000	-0.0001	+0.0000	    	9.06
17	0.9194 	0.0002 	0.0012	0.0012	+0.0012	+0.0002	+0.0001	+0.0001	+0.0002	+0.0000	+0.0000	    	6.10
18	0.8994 	0.0001 	0.0011	0.0011	+0.0011	+0.0001	+0.0000	+0.0001	+0.0002	+0.0000	+0.0000	    	11.22
19	0.8289 	0.0004 	0.0009	0.0010	+0.0008	-0.0002	+0.0003	-0.0001	+0.0002	+0.0000	+0.0000	    	2.19
20	0.9611 	0.0001 	0.0002	0.0003	+0.0001	+0.0001	-0.0001	+0.0000	+0.0002	+0.0000	+0.0000	    	2.45
21	0.9500 	0.0002 	0.0004	0.0004	+0.0003	-0.0001	-0.0001	+0.0000	+0.0002	-0.0001	+0.0000	    	1.87
22	0.9270 	0.0001 	0.0004	0.0004	+0.0002	+0.0000	+0.0001	+0.0000	+0.0003	+0.0000	+0.0001	    	3.87
23	0.8557 	0.0013 	0.0004	0.0014	+0.0001	-0.0003	-0.0002	-0.0001	+0.0001	-0.0001	+0.0000	    	0.29
24	0.9653 	0.0001 	0.0011	0.0011	+0.0002	+0.0000	-0.0001	-0.0007	-0.0005	-0.0008	+0.0000	    	10.82
25	0.9548 	0.0002 	0.0008	0.0008	+0.0003	-0.0007	+0.0003	-0.0001	+0.0001	-0.0001	+0.0000	    	3.84
26	0.9344 	0.0009 	0.0003	0.0010	+0.0003	-0.0002	+0.0000	-0.0001	-0.0001	-0.0001	+0.0000	    	0.37
27	0.8737 	0.0007 	0.0042	0.0043	+0.0011	+0.0005	-0.0025	-0.0023	-0.0025	-0.0002	-0.0020	    	6.01
28	0.9685 	0.0002 	0.0005	0.0005	+0.0004	-0.0002	-0.0001	+0.0000	+0.0002	+0.0001	+0.0000	    	2.29
29	0.9575 	0.0005 	0.0008	0.0009	+0.0004	-0.0005	-0.0001	+0.0000	+0.0003	-0.0001	+0.0005	    	1.55
30	0.9372 	0.0004 	0.0018	0.0019	-0.0001	-0.0013	-0.0008	-0.0007	+0.0001	-0.0007	-0.0007	    	4.55
31	0.8744 	0.0014 	0.0047	0.0049	+0.0008	+0.0046	+0.0000	+0.0000	+0.0003	+0.0000	+0.0007	    	3.33
32	0.9714 	0.0017 	0.0019	0.0026	-0.0002	-0.0002	-0.0001	+0.0000	-0.0009	+0.0001	-0.0017	    	1.14
33	0.9538 	0.0037 	0.0016	0.0040	+0.0003	-0.0009	+0.0005	+0.0002	+0.0011	+0.0006	-0.0005	    	0.43
34	0.9361 	0.0031 	0.0033	0.0045	-0.0007	-0.0015	+0.0008	+0.0001	+0.0028	+0.0002	+0.0005	    	1.07
35	0.9007 	0.0166 	0.0325	0.0365	+0.0297	+0.0016	-0.0016	-0.0007	-0.0033	+0.0004	-0.0128	    	1.96
Average	error:	0.001408 (stat)	0.006784 (syst)	0.007117 (total)

TnP Configurations 
Event Selection(Data) : (probe_isTracker && tag_HLT_IsoMu24_v==1 && tag_pt > 26 && fabs(tag_eta) < 2.4 && (tag_pfIso04_charged + max(0, tag_pfIso04_neutral+tag_pfIso04_photon-(0.5*tag_pfIso04_sumPU)))/tag_pt < 0.2 && tag_isTight && 60 < pair_mass && pair_mass < 140 && pair_dR > 0.3 && pair_probeMultiplicity == 1) 
Event Selection(MC) : (probe_isTracker && tag_HLT_IsoMu24_v==1 && tag_pt > 26 && fabs(tag_eta) < 2.4 && (tag_pfIso04_charged + max(0, tag_pfIso04_neutral+tag_pfIso04_photon-(0.5*tag_pfIso04_sumPU)))/tag_pt < 0.2 && tag_isTight && 60 < pair_mass && pair_mass < 140 && pair_dR > 0.3 && pair_probeMultiplicity == 1) 
Passing Probe Condtion : probe_isMedium && probe_miniIso_rhoAll < 0.1 && probe_iso03_sumPt/probe_pt < 0.4 && ( (probe_3DIPerrVTX>0 && probe_3DIPVTX/probe_3DIPerrVTX<3) || probe_3DIPerrVTX==0) && abs(probe_dz) < 0.1 
Input file(Data) : ['/gv0/Users/choij/TnPTrees/v220707/muon/Run2018_UL/SingleMuon_2018.root'] 
Input file(MC) : ['/gv0/Users/choij/TnPTrees/v220707/muon/Run2018_UL/DYJetsToMuMu_M-50_massWgtFix_TuneCP5_13TeV-powhegMiNNLO-pythia8-photos.root'] 
Binnings : [{'var': 'fabs(probe_eta)', 'type': 'float', 'bins': [0.0, 0.9, 1.2, 2.1, 2.4], 'title': '|#eta_{SC}|'}, {'var': 'probe_pt', 'type': 'float', 'bins': [10.0, 15.0, 20.0, 25.0, 30.0, 40.0, 50.0, 60.0, 120.0, 200.0], 'title': 'p_{T}'}] 
