ibin	Central	Staterr	Systerr	Totalerr  [MassRange]	[MassBin]	[TagIso]	[AltSig]   Syst/Stat
0	0.9234 	0.0008 	0.0010	0.0013	+0.0006	-0.0004	-0.0001	+0.0000	+0.0000	-0.0002	-0.0008	    	1.28
1	0.9304 	0.0013 	0.0009	0.0016	-0.0002	+0.0001	-0.0005	+0.0002	+0.0001	-0.0002	-0.0007	    	0.70
2	0.9248 	0.0008 	0.0005	0.0009	-0.0004	-0.0003	+0.0001	+0.0000	+0.0002	+0.0003	+0.0000	    	0.64
3	0.8979 	0.0016 	0.0018	0.0024	+0.0004	+0.0006	+0.0016	-0.0001	+0.0004	+0.0001	+0.0003	    	1.11
4	0.9263 	0.0005 	0.0006	0.0007	+0.0005	-0.0002	-0.0001	-0.0001	+0.0000	-0.0002	-0.0001	    	1.11
5	0.9319 	0.0009 	0.0009	0.0013	-0.0007	+0.0001	+0.0003	+0.0000	-0.0002	+0.0003	+0.0003	    	0.97
6	0.9308 	0.0005 	0.0009	0.0010	-0.0001	-0.0002	-0.0002	+0.0000	+0.0001	-0.0001	-0.0008	    	1.71
7	0.9152 	0.0011 	0.0003	0.0011	+0.0001	-0.0001	+0.0001	+0.0001	+0.0002	-0.0001	+0.0001	    	0.24
8	0.9276 	0.0003 	0.0002	0.0004	-0.0001	+0.0000	+0.0002	+0.0000	+0.0000	-0.0001	+0.0000	    	0.82
9	0.9363 	0.0006 	0.0008	0.0010	-0.0007	+0.0003	+0.0000	+0.0001	+0.0003	+0.0002	+0.0003	    	1.37
10	0.9335 	0.0004 	0.0006	0.0007	+0.0003	+0.0000	+0.0004	+0.0000	+0.0001	-0.0001	-0.0003	    	1.48
11	0.9207 	0.0008 	0.0008	0.0011	-0.0003	+0.0006	+0.0003	-0.0001	+0.0000	-0.0002	+0.0004	    	1.01
12	0.9283 	0.0002 	0.0003	0.0004	-0.0002	+0.0000	-0.0001	-0.0001	-0.0002	-0.0001	+0.0000	    	1.50
13	0.9368 	0.0004 	0.0005	0.0006	+0.0003	+0.0003	+0.0002	+0.0001	+0.0003	+0.0000	+0.0002	    	1.27
14	0.9342 	0.0003 	0.0002	0.0004	+0.0000	+0.0000	+0.0000	+0.0000	+0.0002	+0.0000	+0.0001	    	0.75
15	0.9220 	0.0006 	0.0015	0.0016	+0.0000	-0.0005	-0.0003	+0.0000	-0.0001	-0.0001	+0.0014	    	2.53
16	0.9275 	0.0001 	0.0002	0.0002	+0.0000	+0.0001	+0.0001	+0.0000	+0.0000	+0.0000	+0.0001	    	1.73
17	0.9377 	0.0002 	0.0003	0.0004	-0.0001	-0.0001	+0.0001	+0.0000	+0.0000	+0.0000	-0.0003	    	1.66
18	0.9352 	0.0001 	0.0002	0.0002	+0.0000	-0.0001	+0.0000	+0.0000	+0.0000	-0.0001	-0.0001	    	1.73
19	0.9251 	0.0003 	0.0017	0.0017	+0.0001	-0.0001	-0.0001	+0.0000	+0.0000	-0.0002	-0.0017	    	5.73
20	0.9261 	0.0001 	0.0000	0.0001	+0.0000	+0.0000	+0.0000	+0.0000	+0.0000	+0.0000	+0.0000	    	0.00
21	0.9376 	0.0002 	0.0001	0.0002	+0.0000	+0.0000	+0.0000	+0.0000	+0.0000	+0.0000	+0.0001	    	0.50
22	0.9386 	0.0001 	0.0001	0.0002	+0.0000	+0.0000	-0.0001	+0.0000	+0.0001	-0.0001	+0.0000	    	1.41
23	0.9260 	0.0003 	0.0001	0.0003	+0.0001	+0.0001	+0.0000	+0.0000	+0.0001	+0.0000	+0.0000	    	0.47
24	0.9227 	0.0002 	0.0003	0.0004	-0.0001	+0.0000	-0.0002	+0.0000	+0.0000	+0.0000	-0.0002	    	1.50
25	0.9357 	0.0003 	0.0005	0.0006	+0.0000	+0.0001	+0.0004	+0.0000	+0.0002	-0.0001	+0.0001	    	1.56
26	0.9412 	0.0002 	0.0003	0.0004	+0.0003	+0.0000	+0.0000	+0.0000	+0.0001	-0.0001	-0.0001	    	1.66
27	0.9242 	0.0005 	0.0009	0.0010	+0.0001	+0.0001	-0.0003	+0.0000	+0.0000	-0.0001	+0.0008	    	1.73
28	0.9121 	0.0010 	0.0014	0.0017	-0.0005	-0.0001	-0.0004	+0.0001	+0.0003	+0.0000	-0.0012	    	1.39
29	0.9241 	0.0017 	0.0011	0.0020	+0.0005	+0.0004	+0.0007	-0.0002	+0.0007	-0.0002	+0.0000	    	0.65
30	0.9411 	0.0010 	0.0008	0.0013	+0.0004	-0.0004	-0.0006	+0.0002	-0.0002	+0.0001	+0.0001	    	0.75
31	0.9145 	0.0032 	0.0068	0.0076	-0.0030	+0.0010	-0.0022	+0.0001	-0.0006	-0.0007	+0.0057	    	2.14
Average	error:	0.000644 (stat)	0.000832 (syst)	0.001089 (total)

TnP Configurations 
Event Selection(Data) : ( (probe_isMedium && probe_miniIso_rhoAll < 0.1 && probe_iso03_sumPt/probe_pt < 0.4 && ( (probe_3DIPerrVTX > 0 && probe_3DIPVTX/probe_3DIPerrVTX < 3) || probe_3DIPerrVTX == 0) ) && tag_isTight && tag_HLT_IsoMu27_v==1 && tag_pt > 29 && fabs(tag_eta) < 2.4 && (tag_pfIso04_charged + max(0, tag_pfIso04_neutral+tag_pfIso04_photon-(0.5*tag_pfIso04_sumPU)))/tag_pt < 0.15 && 60 < pair_mass && pair_mass < 140 && pair_dR > 0.3) 
Event Selection(MC) : ( (probe_isMedium && probe_miniIso_rhoAll < 0.1 && probe_iso03_sumPt/probe_pt < 0.4 && ( (probe_3DIPerrVTX > 0 && probe_3DIPVTX/probe_3DIPerrVTX < 3) || probe_3DIPerrVTX == 0) ) && tag_isTight && tag_HLT_IsoMu27_v==1 && tag_pt > 29 && fabs(tag_eta) < 2.4 && (tag_pfIso04_charged + max(0, tag_pfIso04_neutral+tag_pfIso04_photon-(0.5*tag_pfIso04_sumPU)))/tag_pt < 0.15 && 60 < pair_mass && pair_mass < 140 && pair_dR > 0.3)*(genWeight) 
Passing Probe Condtion : (probe_isMedium && probe_miniIso_rhoAll < 0.1 && probe_iso03_sumPt/probe_pt < 0.4 && ( (probe_3DIPerrVTX > 0 && probe_3DIPVTX/probe_3DIPerrVTX < 3) || probe_3DIPerrVTX == 0) ) && probe_hltDiMuon178RelTrkIsoFiltered0p4_dr<0.3 
Input file(Data) : ['/gv0/Users/choij/TnPTrees/v220707/muon/Run2017_UL/SingleMuon_2017.root'] 
Input file(MC) : ['/gv0/Users/choij/TnPTrees/v220707/muon/Run2017_UL/DYJetsToLL_M-50_TuneCP5_13TeV-madgraphMLM-pythia8.root'] 
Binnings : [{'var': 'fabs(probe_eta)', 'type': 'float', 'bins': [0.0, 0.9, 1.2, 2.1, 2.4], 'title': '|#eta_{SC}|'}, {'var': 'probe_pt', 'type': 'float', 'bins': [10.0, 15.0, 20.0, 25.0, 30.0, 40.0, 50.0, 100.0, 200.0], 'title': 'p_{T}'}] 
