ibin	Central	Staterr	Systerr	Totalerr  [MassRange]	[MassBin]	[TagIso]	[AltSig]   Syst/Stat
0	0.9324 	0.0006 	0.0006	0.0009	-0.0001	+0.0005	+0.0004	+0.0000	+0.0000	+0.0001	+0.0000	    	1.08
1	0.9497 	0.0008 	0.0012	0.0014	+0.0000	+0.0011	-0.0003	+0.0000	-0.0003	+0.0002	-0.0001	    	1.48
2	0.9499 	0.0005 	0.0006	0.0008	+0.0004	+0.0003	-0.0003	+0.0000	+0.0000	-0.0002	-0.0002	    	1.15
3	0.9199 	0.0012 	0.0019	0.0023	-0.0013	+0.0006	+0.0014	-0.0002	+0.0001	+0.0001	-0.0003	    	1.61
4	0.9362 	0.0004 	0.0004	0.0006	+0.0001	+0.0001	+0.0003	+0.0000	-0.0001	-0.0001	-0.0002	    	0.97
5	0.9513 	0.0006 	0.0017	0.0018	+0.0000	-0.0003	-0.0007	+0.0001	+0.0000	-0.0002	-0.0015	    	2.82
6	0.9542 	0.0003 	0.0005	0.0006	+0.0001	+0.0001	+0.0005	+0.0000	-0.0001	+0.0000	-0.0001	    	1.76
7	0.9357 	0.0007 	0.0010	0.0012	-0.0008	-0.0001	-0.0005	+0.0000	-0.0001	+0.0003	+0.0003	    	1.48
8	0.9375 	0.0002 	0.0002	0.0003	-0.0001	+0.0001	+0.0001	+0.0000	-0.0001	+0.0000	+0.0000	    	0.87
9	0.9518 	0.0004 	0.0015	0.0015	+0.0007	-0.0005	+0.0002	+0.0000	+0.0001	+0.0001	+0.0013	    	3.73
10	0.9577 	0.0002 	0.0002	0.0003	-0.0001	-0.0001	-0.0001	+0.0000	-0.0001	-0.0001	-0.0001	    	1.00
11	0.9420 	0.0005 	0.0016	0.0017	-0.0003	-0.0003	+0.0001	+0.0000	+0.0001	-0.0001	+0.0016	    	3.27
12	0.9382 	0.0002 	0.0002	0.0003	+0.0000	+0.0001	-0.0001	+0.0000	+0.0000	+0.0000	-0.0001	    	0.87
13	0.9522 	0.0003 	0.0004	0.0005	-0.0001	-0.0003	+0.0002	+0.0000	+0.0001	+0.0001	-0.0001	    	1.29
14	0.9586 	0.0002 	0.0001	0.0002	+0.0000	-0.0001	+0.0000	+0.0000	+0.0001	+0.0000	+0.0000	    	0.71
15	0.9436 	0.0004 	0.0005	0.0006	+0.0001	+0.0003	+0.0003	+0.0000	-0.0002	+0.0000	+0.0000	    	1.17
16	0.9376 	0.0001 	0.0000	0.0001	+0.0000	+0.0000	+0.0000	+0.0000	+0.0000	+0.0000	+0.0000	    	0.00
17	0.9524 	0.0001 	0.0001	0.0001	-0.0001	+0.0000	+0.0000	+0.0000	+0.0000	+0.0000	+0.0000	    	1.00
18	0.9597 	0.0001 	0.0002	0.0002	+0.0001	+0.0001	+0.0000	+0.0001	+0.0001	+0.0000	+0.0000	    	1.73
19	0.9436 	0.0002 	0.0009	0.0009	+0.0000	+0.0000	+0.0002	+0.0000	+0.0000	+0.0000	-0.0009	    	4.61
20	0.9356 	0.0001 	0.0000	0.0001	+0.0000	+0.0000	+0.0000	+0.0000	+0.0000	+0.0000	+0.0000	    	0.00
21	0.9516 	0.0001 	0.0001	0.0001	-0.0001	+0.0000	+0.0000	+0.0000	+0.0000	+0.0000	+0.0000	    	1.00
22	0.9613 	0.0001 	0.0002	0.0002	+0.0000	-0.0001	-0.0001	+0.0000	+0.0000	-0.0001	+0.0000	    	1.73
23	0.9442 	0.0002 	0.0002	0.0003	+0.0000	+0.0000	-0.0001	-0.0001	+0.0000	-0.0001	-0.0001	    	0.87
24	0.9327 	0.0001 	0.0003	0.0003	+0.0000	-0.0001	+0.0001	+0.0001	-0.0001	+0.0000	-0.0002	    	2.65
25	0.9485 	0.0002 	0.0006	0.0007	+0.0003	+0.0001	+0.0002	+0.0000	+0.0000	-0.0001	+0.0005	    	3.12
26	0.9620 	0.0001 	0.0004	0.0004	+0.0004	-0.0001	-0.0001	+0.0000	+0.0000	+0.0000	+0.0000	    	4.12
27	0.9417 	0.0003 	0.0005	0.0005	+0.0000	+0.0000	+0.0001	+0.0000	+0.0002	+0.0000	+0.0004	    	1.53
28	0.9228 	0.0007 	0.0010	0.0012	+0.0007	-0.0001	+0.0007	+0.0001	+0.0001	-0.0001	-0.0002	    	1.45
29	0.9369 	0.0012 	0.0013	0.0018	-0.0004	+0.0000	+0.0008	+0.0002	+0.0003	+0.0003	+0.0009	    	1.09
30	0.9595 	0.0007 	0.0008	0.0011	+0.0005	+0.0002	+0.0005	+0.0000	+0.0002	+0.0000	+0.0003	    	1.13
31	0.9281 	0.0023 	0.0046	0.0052	-0.0031	+0.0009	+0.0007	+0.0005	+0.0000	-0.0006	+0.0033	    	2.01
Average	error:	0.000441 (stat)	0.000744 (syst)	0.000881 (total)

TnP Configurations 
Event Selection(Data) : ( (probe_isMedium && probe_miniIso_rhoAll < 0.1 && probe_iso03_sumPt/probe_pt < 0.4 && ( (probe_3DIPerrVTX > 0 && probe_3DIPVTX/probe_3DIPerrVTX < 3) || probe_3DIPerrVTX == 0) ) && tag_isTight && tag_HLT_IsoMu24_v==1 && tag_pt > 26 && fabs(tag_eta) < 2.4 && (tag_pfIso04_charged + max(0, tag_pfIso04_neutral+tag_pfIso04_photon-(0.5*tag_pfIso04_sumPU)))/tag_pt < 0.15 && 60 < pair_mass && pair_mass < 140 && pair_dR > 0.3) 
Event Selection(MC) : ( (probe_isMedium && probe_miniIso_rhoAll < 0.1 && probe_iso03_sumPt/probe_pt < 0.4 && ( (probe_3DIPerrVTX > 0 && probe_3DIPVTX/probe_3DIPerrVTX < 3) || probe_3DIPerrVTX == 0) ) && tag_isTight && tag_HLT_IsoMu24_v==1 && tag_pt > 26 && fabs(tag_eta) < 2.4 && (tag_pfIso04_charged + max(0, tag_pfIso04_neutral+tag_pfIso04_photon-(0.5*tag_pfIso04_sumPU)))/tag_pt < 0.15 && 60 < pair_mass && pair_mass < 140 && pair_dR > 0.3)*(genWeight) 
Passing Probe Condtion : (probe_isMedium && probe_miniIso_rhoAll < 0.1 && probe_iso03_sumPt/probe_pt < 0.4 && ( (probe_3DIPerrVTX > 0 && probe_3DIPVTX/probe_3DIPerrVTX < 3) || probe_3DIPerrVTX == 0) ) && probe_hltDiMuon178RelTrkIsoFiltered0p4_dr<0.3 
Input file(Data) : ['/gv0/Users/choij/TnPTrees/v220707/muon/Run2018_UL/SingleMuon_2018.root'] 
Input file(MC) : ['/gv0/Users/choij/TnPTrees/v220707/muon/Run2018_UL/DYJetsToLL_M-50_TuneCP5_13TeV-madgraphMLM-pythia8.root'] 
Binnings : [{'var': 'fabs(probe_eta)', 'type': 'float', 'bins': [0.0, 0.9, 1.2, 2.1, 2.4], 'title': '|#eta_{SC}|'}, {'var': 'probe_pt', 'type': 'float', 'bins': [10.0, 15.0, 20.0, 25.0, 30.0, 40.0, 50.0, 100.0, 200.0], 'title': 'p_{T}'}] 
