==== Data Efficiency Comparison ====
==== Binning Info ====
x-axis: [0.0, 0.9, 1.2, 2.1, 2.4]
y-axis: [15.0, 20.0, 25.0, 30.0, 40.0, 50.0, 60.0, 120.0]
[0.0, 15.0] 0.742, 0.749, -0.010
[0.0, 20.0] 0.805, 0.805, -0.000
[0.0, 25.0] 0.862, 0.859, 0.004
[0.0, 30.0] 0.930, 0.931, -0.001
[0.0, 40.0] 0.970, 0.972, -0.002
[0.0, 50.0] 0.979, 0.981, -0.002
[0.0, 60.0] 0.983, 0.986, -0.003
[0.9, 15.0] 0.759, 0.766, -0.008
[0.9, 20.0] 0.817, 0.821, -0.005
[0.9, 25.0] 0.864, 0.873, -0.011
[0.9, 30.0] 0.931, 0.936, -0.004
[0.9, 40.0] 0.973, 0.975, -0.002
[0.9, 50.0] 0.981, 0.983, -0.002
[0.9, 60.0] 0.985, 0.988, -0.003
[1.2, 15.0] 0.810, 0.823, -0.016
[1.2, 20.0] 0.858, 0.870, -0.013
[1.2, 25.0] 0.899, 0.911, -0.014
[1.2, 30.0] 0.947, 0.954, -0.007
[1.2, 40.0] 0.980, 0.982, -0.002
[1.2, 50.0] 0.986, 0.988, -0.002
[1.2, 60.0] 0.988, 0.991, -0.003
[2.1, 15.0] 0.814, 0.824, -0.012
[2.1, 20.0] 0.866, 0.875, -0.010
[2.1, 25.0] 0.909, 0.920, -0.012
[2.1, 30.0] 0.952, 0.958, -0.006
[2.1, 40.0] 0.980, 0.984, -0.005
[2.1, 50.0] 0.987, 0.990, -0.003
[2.1, 60.0] 0.991, 0.993, -0.002

==== MC Efficiency Comparison ====
==== Binning Info ====
x-axis: [0.0, 0.9, 1.2, 2.1, 2.4]
y-axis: [15.0, 20.0, 25.0, 30.0, 40.0, 50.0, 60.0, 120.0]
[0.0, 15.0] 0.739, 0.761, -0.028
[0.0, 20.0] 0.806, 0.816, -0.011
[0.0, 25.0] 0.869, 0.871, -0.003
[0.0, 30.0] 0.933, 0.937, -0.004
[0.0, 40.0] 0.972, 0.976, -0.003
[0.0, 50.0] 0.980, 0.984, -0.004
[0.0, 60.0] 0.983, 0.988, -0.005
[0.9, 15.0] 0.749, 0.781, -0.041
[0.9, 20.0] 0.811, 0.831, -0.025
[0.9, 25.0] 0.864, 0.876, -0.014
[0.9, 30.0] 0.930, 0.939, -0.009
[0.9, 40.0] 0.973, 0.978, -0.005
[0.9, 50.0] 0.981, 0.986, -0.005
[0.9, 60.0] 0.984, 0.989, -0.005
[1.2, 15.0] 0.795, 0.826, -0.038
[1.2, 20.0] 0.849, 0.872, -0.027
[1.2, 25.0] 0.893, 0.910, -0.018
[1.2, 30.0] 0.945, 0.955, -0.011
[1.2, 40.0] 0.980, 0.984, -0.004
[1.2, 50.0] 0.986, 0.990, -0.004
[1.2, 60.0] 0.987, 0.992, -0.005
[2.1, 15.0] 0.788, 0.818, -0.036
[2.1, 20.0] 0.849, 0.872, -0.026
[2.1, 25.0] 0.898, 0.915, -0.019
[2.1, 30.0] 0.945, 0.958, -0.013
[2.1, 40.0] 0.977, 0.983, -0.007
[2.1, 50.0] 0.985, 0.990, -0.005
[2.1, 60.0] 0.989, 0.992, -0.003
