ibin	Central	Staterr	Systerr	Totalerr  [MassRange]	[MassBin]	[TagIso]	[AltSig]   Syst/Stat
0	0.8333 	0.0027 	0.0212	0.0214	+0.0123	-0.0211	+0.0012	-0.0008	-0.0015	-0.0007	-0.0012	    	7.86
1	0.8444 	0.0054 	0.0118	0.0129	+0.0114	-0.0113	-0.0011	-0.0005	-0.0016	-0.0011	-0.0021	    	2.18
2	0.8464 	0.0024 	0.0084	0.0087	+0.0045	-0.0066	-0.0022	-0.0005	+0.0002	-0.0011	-0.0045	    	3.48
3	0.7744 	0.0045 	0.0090	0.0101	-0.0018	-0.0024	-0.0001	+0.0005	+0.0018	+0.0007	-0.0085	    	2.01
4	0.8613 	0.0013 	0.0206	0.0206	+0.0173	-0.0205	-0.0020	-0.0001	+0.0006	+0.0001	+0.0000	    	15.85
5	0.8751 	0.0031 	0.0170	0.0173	+0.0114	-0.0168	+0.0027	-0.0003	+0.0010	-0.0003	+0.0004	    	5.50
6	0.8681 	0.0009 	0.0121	0.0122	+0.0084	-0.0119	-0.0007	-0.0003	-0.0008	+0.0003	-0.0021	    	13.48
7	0.7930 	0.0018 	0.0083	0.0085	+0.0049	-0.0066	+0.0035	+0.0000	+0.0014	+0.0003	-0.0034	    	4.63
8	0.8833 	0.0005 	0.0164	0.0164	+0.0153	-0.0164	-0.0001	-0.0002	-0.0003	+0.0000	+0.0002	    	32.81
9	0.8847 	0.0021 	0.0167	0.0168	+0.0165	-0.0152	+0.0024	-0.0001	-0.0009	-0.0001	-0.0001	    	7.95
10	0.8831 	0.0006 	0.0113	0.0113	+0.0099	-0.0113	+0.0008	-0.0003	+0.0001	+0.0001	+0.0000	    	18.88
11	0.8100 	0.0014 	0.0079	0.0080	+0.0077	-0.0065	-0.0010	+0.0000	+0.0011	-0.0001	-0.0009	    	5.64
12	0.9097 	0.0006 	0.0098	0.0098	+0.0098	-0.0027	+0.0004	+0.0000	+0.0002	+0.0001	+0.0002	    	16.35
13	0.9052 	0.0010 	0.0112	0.0112	+0.0111	-0.0019	+0.0012	+0.0001	+0.0001	+0.0000	+0.0002	    	11.17
14	0.9017 	0.0007 	0.0085	0.0085	+0.0085	-0.0031	+0.0000	+0.0000	+0.0001	-0.0001	+0.0001	    	12.14
15	0.8346 	0.0013 	0.0035	0.0037	+0.0032	-0.0015	+0.0009	-0.0004	-0.0003	+0.0005	-0.0009	    	2.68
16	0.9485 	0.0002 	0.0009	0.0009	+0.0009	-0.0005	+0.0001	+0.0000	+0.0001	-0.0001	+0.0001	    	4.58
17	0.9419 	0.0004 	0.0009	0.0010	+0.0009	-0.0002	-0.0002	-0.0001	+0.0001	-0.0001	+0.0000	    	2.32
18	0.9318 	0.0003 	0.0011	0.0011	+0.0010	-0.0001	+0.0000	+0.0000	+0.0002	+0.0000	+0.0003	    	3.54
19	0.8560 	0.0013 	0.0013	0.0018	+0.0006	-0.0011	-0.0001	-0.0001	+0.0005	+0.0001	+0.0004	    	0.98
20	0.9689 	0.0001 	0.0003	0.0003	+0.0001	+0.0000	+0.0001	+0.0000	+0.0002	+0.0000	+0.0001	    	2.65
21	0.9664 	0.0003 	0.0003	0.0005	+0.0001	+0.0000	+0.0001	+0.0000	+0.0003	+0.0000	+0.0001	    	1.15
22	0.9524 	0.0003 	0.0003	0.0004	+0.0001	-0.0001	+0.0001	-0.0001	+0.0003	-0.0001	+0.0000	    	1.11
23	0.8726 	0.0007 	0.0006	0.0009	+0.0001	+0.0000	+0.0001	+0.0000	+0.0006	+0.0000	+0.0000	    	0.88
24	0.9714 	0.0003 	0.0006	0.0007	+0.0002	+0.0001	+0.0005	-0.0001	+0.0002	-0.0001	+0.0002	    	2.03
25	0.9696 	0.0006 	0.0013	0.0014	+0.0001	-0.0003	-0.0011	-0.0002	+0.0006	+0.0000	+0.0002	    	2.17
26	0.9546 	0.0017 	0.0007	0.0018	-0.0005	-0.0005	-0.0004	-0.0001	+0.0001	+0.0000	+0.0001	    	0.39
27	0.8797 	0.0017 	0.0071	0.0073	+0.0017	-0.0045	+0.0002	-0.0043	+0.0008	+0.0001	-0.0033	    	4.17
28	0.9723 	0.0004 	0.0006	0.0007	-0.0006	+0.0002	-0.0001	+0.0000	-0.0001	+0.0001	+0.0001	    	1.56
29	0.9669 	0.0009 	0.0011	0.0014	-0.0009	+0.0003	-0.0006	+0.0002	-0.0002	+0.0001	+0.0000	    	1.22
30	0.9543 	0.0008 	0.0011	0.0014	-0.0011	+0.0000	-0.0001	-0.0001	+0.0003	+0.0000	+0.0000	    	1.43
31	0.8765 	0.0030 	0.0102	0.0106	-0.0016	-0.0006	+0.0015	-0.0001	-0.0005	+0.0099	+0.0009	    	3.39
32	0.9801 	0.0034 	0.0016	0.0038	+0.0004	+0.0001	-0.0004	+0.0004	+0.0013	-0.0004	-0.0008	    	0.48
33	0.9559 	0.0096 	0.0038	0.0103	+0.0031	-0.0021	+0.0010	-0.0003	+0.0020	-0.0009	+0.0000	    	0.40
34	0.9468 	0.0057 	0.0106	0.0120	+0.0018	+0.0014	+0.0025	+0.0001	-0.0017	-0.0004	-0.0100	    	1.86
35	0.8626 	0.0240 	0.0142	0.0279	-0.0057	-0.0090	+0.0012	-0.0004	-0.0022	+0.0051	+0.0096	    	0.59
Average	error:	0.002389 (stat)	0.007012 (syst)	0.007891 (total)

TnP Configurations 
Event Selection(Data) : (probe_isTracker && tag_HLT_IsoMu24_v==1 && tag_pt > 26 && fabs(tag_eta) < 2.4 && (tag_pfIso04_charged + max(0, tag_pfIso04_neutral+tag_pfIso04_photon-(0.5*tag_pfIso04_sumPU)))/tag_pt < 0.2 && tag_isTight && 60 < pair_mass && pair_mass < 140 && pair_dR > 0.3 && pair_probeMultiplicity == 1) 
Event Selection(MC) : (probe_isTracker && tag_HLT_IsoMu24_v==1 && tag_pt > 26 && fabs(tag_eta) < 2.4 && (tag_pfIso04_charged + max(0, tag_pfIso04_neutral+tag_pfIso04_photon-(0.5*tag_pfIso04_sumPU)))/tag_pt < 0.2 && tag_isTight && 60 < pair_mass && pair_mass < 140 && pair_dR > 0.3 && pair_probeMultiplicity == 1)*(genWeight) 
Passing Probe Condtion : probe_isMedium && probe_miniIso_rhoAll < 0.1 && probe_iso03_sumPt/probe_pt < 0.4 && ( (probe_3DIPerrVTX>0 && probe_3DIPVTX/probe_3DIPerrVTX<3) || probe_3DIPerrVTX==0) && abs(probe_dz) < 0.1 
Input file(Data) : ['/gv0/Users/choij/TnPTrees/v220707/muon/Run2016_UL/SingleMuon_2016b.root'] 
Input file(MC) : ['/gv0/Users/choij/TnPTrees/v220707/muon/Run2016_UL/DYJetsToLL_M-50_TuneCP5_13TeV-madgraphMLM-pythia8.root'] 
Binnings : [{'var': 'fabs(probe_eta)', 'type': 'float', 'bins': [0.0, 0.9, 1.2, 2.1, 2.4], 'title': '|#eta_{SC}|'}, {'var': 'probe_pt', 'type': 'float', 'bins': [10.0, 15.0, 20.0, 25.0, 30.0, 40.0, 50.0, 60.0, 120.0, 200.0], 'title': 'p_{T}'}] 
