ibin	Central	Staterr	Systerr	Totalerr  [MassRange]	[MassBin]	[TagIso]	[AltSig]   Syst/Stat
0	0.8517 	0.0032 	0.0257	0.0259	+0.0108	-0.0255	-0.0029	-0.0007	+0.0000	-0.0002	-0.0001	    	8.02
1	0.8581 	0.0041 	0.0083	0.0093	+0.0079	-0.0082	+0.0010	-0.0001	-0.0005	+0.0000	-0.0006	    	2.02
2	0.8613 	0.0021 	0.0085	0.0087	+0.0042	-0.0081	-0.0019	-0.0001	+0.0000	-0.0002	-0.0015	    	4.03
3	0.7954 	0.0039 	0.0040	0.0056	+0.0027	-0.0039	+0.0000	-0.0002	-0.0003	-0.0008	-0.0002	    	1.02
4	0.8778 	0.0017 	0.0176	0.0177	+0.0147	-0.0176	-0.0009	+0.0000	-0.0002	-0.0001	-0.0001	    	10.37
5	0.8905 	0.0019 	0.0147	0.0148	+0.0101	-0.0145	+0.0021	-0.0004	+0.0003	-0.0005	+0.0000	    	7.72
6	0.8840 	0.0014 	0.0103	0.0104	+0.0086	-0.0103	-0.0002	-0.0001	+0.0000	+0.0000	-0.0001	    	7.36
7	0.8254 	0.0026 	0.0073	0.0078	+0.0044	-0.0067	+0.0026	-0.0003	+0.0011	-0.0005	-0.0008	    	2.81
8	0.9000 	0.0010 	0.0151	0.0151	+0.0132	-0.0151	-0.0001	-0.0001	+0.0001	+0.0002	-0.0005	    	15.11
9	0.9054 	0.0017 	0.0152	0.0153	+0.0136	-0.0151	+0.0017	-0.0001	-0.0003	+0.0002	-0.0010	    	8.96
10	0.9019 	0.0009 	0.0101	0.0102	+0.0097	-0.0101	+0.0008	-0.0002	+0.0002	+0.0000	-0.0004	    	11.27
11	0.8458 	0.0018 	0.0066	0.0069	+0.0055	-0.0066	-0.0002	+0.0000	+0.0005	-0.0001	-0.0001	    	3.68
12	0.9256 	0.0004 	0.0092	0.0092	+0.0092	-0.0041	+0.0003	-0.0001	-0.0002	+0.0000	+0.0000	    	23.02
13	0.9205 	0.0011 	0.0112	0.0112	+0.0111	-0.0036	+0.0010	-0.0004	+0.0002	+0.0001	+0.0004	    	10.14
14	0.9216 	0.0006 	0.0076	0.0076	+0.0076	-0.0029	+0.0000	-0.0001	+0.0000	-0.0001	-0.0003	    	12.68
15	0.8663 	0.0008 	0.0044	0.0045	+0.0044	-0.0009	+0.0004	-0.0001	+0.0004	-0.0001	+0.0003	    	5.56
16	0.9592 	0.0007 	0.0009	0.0012	+0.0009	-0.0009	+0.0000	-0.0001	+0.0000	-0.0001	-0.0002	    	1.33
17	0.9531 	0.0005 	0.0014	0.0014	+0.0013	-0.0010	-0.0003	-0.0001	+0.0001	-0.0001	-0.0002	    	2.71
18	0.9453 	0.0003 	0.0012	0.0012	+0.0010	-0.0006	-0.0001	-0.0001	+0.0002	-0.0001	-0.0006	    	3.96
19	0.8869 	0.0007 	0.0014	0.0016	+0.0012	-0.0005	-0.0003	-0.0001	+0.0006	-0.0001	-0.0004	    	2.05
20	0.9784 	0.0001 	0.0003	0.0003	+0.0002	+0.0000	+0.0001	+0.0001	+0.0002	+0.0000	+0.0000	    	3.00
21	0.9756 	0.0002 	0.0004	0.0004	+0.0003	+0.0000	+0.0001	+0.0000	+0.0002	+0.0000	+0.0000	    	1.87
22	0.9632 	0.0002 	0.0003	0.0003	+0.0002	+0.0000	+0.0000	+0.0000	+0.0002	+0.0000	+0.0000	    	1.41
23	0.9022 	0.0005 	0.0003	0.0006	+0.0000	-0.0001	+0.0001	+0.0000	+0.0003	+0.0000	+0.0001	    	0.69
24	0.9810 	0.0006 	0.0004	0.0007	+0.0001	+0.0001	+0.0003	+0.0000	+0.0002	+0.0000	+0.0000	    	0.62
25	0.9787 	0.0005 	0.0003	0.0006	+0.0001	-0.0001	-0.0003	+0.0000	+0.0001	+0.0000	+0.0000	    	0.66
26	0.9664 	0.0004 	0.0005	0.0006	+0.0004	-0.0001	-0.0001	+0.0000	+0.0002	-0.0001	+0.0000	    	1.15
27	0.9024 	0.0013 	0.0053	0.0055	+0.0053	-0.0001	+0.0000	+0.0001	+0.0001	-0.0001	+0.0000	    	4.08
28	0.9814 	0.0003 	0.0001	0.0003	+0.0001	+0.0001	+0.0000	+0.0000	+0.0001	+0.0000	+0.0000	    	0.47
29	0.9763 	0.0008 	0.0005	0.0009	-0.0001	+0.0003	-0.0003	+0.0001	+0.0001	+0.0002	-0.0001	    	0.60
30	0.9653 	0.0006 	0.0003	0.0007	-0.0003	+0.0002	+0.0000	+0.0000	+0.0000	+0.0000	+0.0000	    	0.50
31	0.9075 	0.0022 	0.0016	0.0027	-0.0013	+0.0006	+0.0006	-0.0001	+0.0006	+0.0001	+0.0001	    	0.71
32	0.9821 	0.0025 	0.0013	0.0028	+0.0003	+0.0003	-0.0004	+0.0012	-0.0001	-0.0001	-0.0004	    	0.52
33	0.9755 	0.0074 	0.0051	0.0090	+0.0001	+0.0009	+0.0047	-0.0008	-0.0012	-0.0016	-0.0004	    	0.68
34	0.9596 	0.0048 	0.0015	0.0050	+0.0004	+0.0012	+0.0009	+0.0000	-0.0002	-0.0001	+0.0000	    	0.32
35	0.9148 	0.0242 	0.0251	0.0349	-0.0003	-0.0070	-0.0094	+0.0005	+0.0027	+0.0041	-0.0218	    	1.04
Average	error:	0.002167 (stat)	0.006221 (syst)	0.006971 (total)

TnP Configurations 
Event Selection(Data) : (probe_isTracker && tag_HLT_IsoMu24_v==1 && tag_pt > 26 && fabs(tag_eta) < 2.4 && (tag_pfIso04_charged + max(0, tag_pfIso04_neutral+tag_pfIso04_photon-(0.5*tag_pfIso04_sumPU)))/tag_pt < 0.2 && tag_isTight && 60 < pair_mass && pair_mass < 140 && pair_dR > 0.3 && pair_probeMultiplicity == 1) 
Event Selection(MC) : (probe_isTracker && tag_HLT_IsoMu24_v==1 && tag_pt > 26 && fabs(tag_eta) < 2.4 && (tag_pfIso04_charged + max(0, tag_pfIso04_neutral+tag_pfIso04_photon-(0.5*tag_pfIso04_sumPU)))/tag_pt < 0.2 && tag_isTight && 60 < pair_mass && pair_mass < 140 && pair_dR > 0.3 && pair_probeMultiplicity == 1)*(genWeight) 
Passing Probe Condtion : probe_isMedium && probe_miniIso_rhoAll < 0.1 && probe_iso03_sumPt/probe_pt < 0.4 && ( (probe_3DIPerrVTX>0 && probe_3DIPVTX/probe_3DIPerrVTX<3) || probe_3DIPerrVTX==0) && abs(probe_dz) < 0.1 
Input file(Data) : ['/gv0/Users/choij/TnPTrees/v220707/muon/Run2016_UL/SingleMuon_2016b.root'] 
Input file(MC) : ['/gv0/Users/choij/TnPTrees/v220707/muon/Run2016_UL/DYJetsToLL_M-50_TuneCP5_13TeV-madgraphMLM-pythia8.root'] 
Binnings : [{'var': 'fabs(probe_eta)', 'type': 'float', 'bins': [0.0, 0.9, 1.2, 2.1, 2.4], 'title': '|#eta_{SC}|'}, {'var': 'probe_pt', 'type': 'float', 'bins': [10.0, 15.0, 20.0, 25.0, 30.0, 40.0, 50.0, 60.0, 120.0, 200.0], 'title': 'p_{T}'}] 
