==== Data Efficiency Comparison ====
==== Binning Info ====
x-axis: [0.0, 0.9, 1.2, 2.1, 2.4]
y-axis: [15.0, 20.0, 25.0, 30.0, 40.0, 50.0, 60.0, 120.0]
[0.0, 15.0] 0.7456, 0.7335, 0.0165
[0.0, 20.0] 0.8016, 0.7929, 0.0110
[0.0, 25.0] 0.8562, 0.8510, 0.0061
[0.0, 30.0] 0.9249, 0.9241, 0.0008
[0.0, 40.0] 0.9663, 0.9671, -0.0009
[0.0, 50.0] 0.9778, 0.9779, -0.0001
[0.0, 60.0] 0.9855, 0.9854, 0.0001
[0.9, 15.0] 0.7419, 0.7393, 0.0036
[0.9, 20.0] 0.7937, 0.7917, 0.0026
[0.9, 25.0] 0.8440, 0.8476, -0.0043
[0.9, 30.0] 0.9156, 0.9175, -0.0020
[0.9, 40.0] 0.9623, 0.9633, -0.0010
[0.9, 50.0] 0.9755, 0.9759, -0.0004
[0.9, 60.0] 0.9846, 0.9846, -0.0000
[1.2, 15.0] 0.8107, 0.8060, 0.0059
[1.2, 20.0] 0.8558, 0.8558, -0.0000
[1.2, 25.0] 0.8948, 0.9004, -0.0062
[1.2, 30.0] 0.9432, 0.9465, -0.0035
[1.2, 40.0] 0.9769, 0.9777, -0.0008
[1.2, 50.0] 0.9849, 0.9853, -0.0004
[1.2, 60.0] 0.9893, 0.9892, 0.0001
[2.1, 15.0] 0.8332, 0.8360, -0.0033
[2.1, 20.0] 0.8833, 0.8863, -0.0033
[2.1, 25.0] 0.9191, 0.9250, -0.0064
[2.1, 30.0] 0.9574, 0.9601, -0.0028
[2.1, 40.0] 0.9816, 0.9830, -0.0014
[2.1, 50.0] 0.9888, 0.9888, 0.0000
[2.1, 60.0] 0.9928, 0.9919, 0.0009

==== MC Efficiency Comparison ====
==== Binning Info ====
x-axis: [0.0, 0.9, 1.2, 2.1, 2.4]
y-axis: [15.0, 20.0, 25.0, 30.0, 40.0, 50.0, 60.0, 120.0]
[0.0, 15.0] 0.7506, 0.7442, 0.0085
[0.0, 20.0] 0.8082, 0.7997, 0.0107
[0.0, 25.0] 0.8668, 0.8603, 0.0076
[0.0, 30.0] 0.9318, 0.9294, 0.0025
[0.0, 40.0] 0.9710, 0.9710, 0.0000
[0.0, 50.0] 0.9802, 0.9812, -0.0010
[0.0, 60.0] 0.9862, 0.9871, -0.0009
[0.9, 15.0] 0.7621, 0.7618, 0.0004
[0.9, 20.0] 0.8148, 0.8082, 0.0081
[0.9, 25.0] 0.8609, 0.8596, 0.0015
[0.9, 30.0] 0.9289, 0.9283, 0.0006
[0.9, 40.0] 0.9709, 0.9710, -0.0001
[0.9, 50.0] 0.9809, 0.9813, -0.0004
[0.9, 60.0] 0.9869, 0.9881, -0.0012
[1.2, 15.0] 0.8050, 0.8033, 0.0021
[1.2, 20.0] 0.8561, 0.8545, 0.0019
[1.2, 25.0] 0.8973, 0.9007, -0.0038
[1.2, 30.0] 0.9453, 0.9470, -0.0018
[1.2, 40.0] 0.9784, 0.9789, -0.0005
[1.2, 50.0] 0.9856, 0.9861, -0.0005
[1.2, 60.0] 0.9895, 0.9897, -0.0002
[2.1, 15.0] 0.8135, 0.8154, -0.0023
[2.1, 20.0] 0.8672, 0.8690, -0.0021
[2.1, 25.0] 0.9101, 0.9136, -0.0038
[2.1, 30.0] 0.9517, 0.9525, -0.0008
[2.1, 40.0] 0.9783, 0.9793, -0.0011
[2.1, 50.0] 0.9863, 0.9860, 0.0003
[2.1, 60.0] 0.9905, 0.9890, 0.0016
