==== Data Efficiency Comparison ====
==== Binning Info ====
x-axis: [0.0, 0.9, 1.2, 2.1, 2.4]
y-axis: [15.0, 20.0, 25.0, 30.0, 40.0, 50.0, 60.0, 120.0]
[0.0, 15.0] 0.7475, 0.7349, 0.0172
[0.0, 20.0] 0.7954, 0.7872, 0.0104
[0.0, 25.0] 0.8518, 0.8453, 0.0077
[0.0, 30.0] 0.9274, 0.9262, 0.0013
[0.0, 40.0] 0.9685, 0.9691, -0.0007
[0.0, 50.0] 0.9793, 0.9792, 0.0001
[0.0, 60.0] 0.9858, 0.9855, 0.0003
[0.9, 15.0] 0.7611, 0.7566, 0.0060
[0.9, 20.0] 0.8022, 0.7926, 0.0121
[0.9, 25.0] 0.8484, 0.8526, -0.0049
[0.9, 30.0] 0.9264, 0.9289, -0.0027
[0.9, 40.0] 0.9693, 0.9696, -0.0003
[0.9, 50.0] 0.9802, 0.9808, -0.0006
[0.9, 60.0] 0.9871, 0.9873, -0.0002
[1.2, 15.0] 0.8154, 0.8123, 0.0038
[1.2, 20.0] 0.8557, 0.8555, 0.0002
[1.2, 25.0] 0.8928, 0.8982, -0.0060
[1.2, 30.0] 0.9467, 0.9500, -0.0035
[1.2, 40.0] 0.9791, 0.9801, -0.0011
[1.2, 50.0] 0.9865, 0.9872, -0.0007
[1.2, 60.0] 0.9908, 0.9902, 0.0006
[2.1, 15.0] 0.8410, 0.8403, 0.0008
[2.1, 20.0] 0.8813, 0.8838, -0.0028
[2.1, 25.0] 0.9207, 0.9260, -0.0057
[2.1, 30.0] 0.9606, 0.9634, -0.0029
[2.1, 40.0] 0.9836, 0.9850, -0.0014
[2.1, 50.0] 0.9887, 0.9908, -0.0021
[2.1, 60.0] 0.9944, 0.9926, 0.0018

==== MC Efficiency Comparison ====
==== Binning Info ====
x-axis: [0.0, 0.9, 1.2, 2.1, 2.4]
y-axis: [15.0, 20.0, 25.0, 30.0, 40.0, 50.0, 60.0, 120.0]
[0.0, 15.0] 0.7468, 0.7387, 0.0109
[0.0, 20.0] 0.7960, 0.7859, 0.0128
[0.0, 25.0] 0.8555, 0.8477, 0.0093
[0.0, 30.0] 0.9311, 0.9287, 0.0026
[0.0, 40.0] 0.9712, 0.9713, -0.0001
[0.0, 50.0] 0.9806, 0.9813, -0.0007
[0.0, 60.0] 0.9862, 0.9869, -0.0007
[0.9, 15.0] 0.7498, 0.7429, 0.0093
[0.9, 20.0] 0.7952, 0.7896, 0.0071
[0.9, 25.0] 0.8472, 0.8462, 0.0012
[0.9, 30.0] 0.9272, 0.9270, 0.0002
[0.9, 40.0] 0.9705, 0.9703, 0.0002
[0.9, 50.0] 0.9806, 0.9820, -0.0014
[0.9, 60.0] 0.9867, 0.9870, -0.0003
[1.2, 15.0] 0.7929, 0.7899, 0.0038
[1.2, 20.0] 0.8376, 0.8361, 0.0018
[1.2, 25.0] 0.8834, 0.8859, -0.0028
[1.2, 30.0] 0.9425, 0.9439, -0.0015
[1.2, 40.0] 0.9774, 0.9777, -0.0003
[1.2, 50.0] 0.9854, 0.9861, -0.0007
[1.2, 60.0] 0.9897, 0.9897, -0.0000
[2.1, 15.0] 0.8122, 0.8158, -0.0044
[2.1, 20.0] 0.8608, 0.8630, -0.0025
[2.1, 25.0] 0.9090, 0.9117, -0.0030
[2.1, 30.0] 0.9548, 0.9576, -0.0029
[2.1, 40.0] 0.9814, 0.9823, -0.0010
[2.1, 50.0] 0.9886, 0.9903, -0.0017
[2.1, 60.0] 0.9920, 0.9921, -0.0001
