==== Data Efficiency Comparison ====
==== Binning Info ====
x-axis: [0.0, 0.9, 1.2, 2.1, 2.4]
y-axis: [15.0, 20.0, 25.0, 30.0, 40.0, 50.0, 60.0, 120.0]
[0.0, 15.0] 0.7563, 0.7415, 0.0200
[0.0, 20.0] 0.8107, 0.8015, 0.0114
[0.0, 25.0] 0.8644, 0.8590, 0.0062
[0.0, 30.0] 0.9310, 0.9301, 0.0010
[0.0, 40.0] 0.9707, 0.9712, -0.0005
[0.0, 50.0] 0.9797, 0.9801, -0.0004
[0.0, 60.0] 0.9854, 0.9862, -0.0008
[0.9, 15.0] 0.7743, 0.7678, 0.0084
[0.9, 20.0] 0.8247, 0.8183, 0.0078
[0.9, 25.0] 0.8723, 0.8707, 0.0019
[0.9, 30.0] 0.9345, 0.9346, -0.0001
[0.9, 40.0] 0.9736, 0.9739, -0.0003
[0.9, 50.0] 0.9830, 0.9837, -0.0007
[0.9, 60.0] 0.9877, 0.9885, -0.0008
[1.2, 15.0] 0.8197, 0.8093, 0.0128
[1.2, 20.0] 0.8659, 0.8623, 0.0042
[1.2, 25.0] 0.9045, 0.9042, 0.0003
[1.2, 30.0] 0.9495, 0.9505, -0.0010
[1.2, 40.0] 0.9805, 0.9816, -0.0011
[1.2, 50.0] 0.9869, 0.9873, -0.0004
[1.2, 60.0] 0.9907, 0.9905, 0.0002
[2.1, 15.0] 0.8055, 0.7998, 0.0071
[2.1, 20.0] 0.8613, 0.8566, 0.0055
[2.1, 25.0] 0.9040, 0.9035, 0.0005
[2.1, 30.0] 0.9512, 0.9517, -0.0005
[2.1, 40.0] 0.9785, 0.9802, -0.0018
[2.1, 50.0] 0.9865, 0.9885, -0.0020
[2.1, 60.0] 0.9913, 0.9927, -0.0014

==== MC Efficiency Comparison ====
==== Binning Info ====
x-axis: [0.0, 0.9, 1.2, 2.1, 2.4]
y-axis: [15.0, 20.0, 25.0, 30.0, 40.0, 50.0, 60.0, 120.0]
[0.0, 15.0] 0.7526, 0.7492, 0.0045
[0.0, 20.0] 0.8104, 0.8057, 0.0058
[0.0, 25.0] 0.8686, 0.8664, 0.0025
[0.0, 30.0] 0.9345, 0.9342, 0.0003
[0.0, 40.0] 0.9733, 0.9741, -0.0009
[0.0, 50.0] 0.9809, 0.9829, -0.0020
[0.0, 60.0] 0.9864, 0.9871, -0.0007
[0.9, 15.0] 0.7632, 0.7663, -0.0041
[0.9, 20.0] 0.8198, 0.8180, 0.0022
[0.9, 25.0] 0.8676, 0.8678, -0.0002
[0.9, 30.0] 0.9333, 0.9341, -0.0008
[0.9, 40.0] 0.9742, 0.9759, -0.0017
[0.9, 50.0] 0.9824, 0.9841, -0.0017
[0.9, 60.0] 0.9877, 0.9884, -0.0007
[1.2, 15.0] 0.8033, 0.8067, -0.0042
[1.2, 20.0] 0.8562, 0.8562, -0.0000
[1.2, 25.0] 0.8987, 0.8996, -0.0010
[1.2, 30.0] 0.9468, 0.9490, -0.0023
[1.2, 40.0] 0.9800, 0.9817, -0.0018
[1.2, 50.0] 0.9865, 0.9884, -0.0019
[1.2, 60.0] 0.9903, 0.9906, -0.0003
[2.1, 15.0] 0.7770, 0.7890, -0.0152
[2.1, 20.0] 0.8424, 0.8475, -0.0060
[2.1, 25.0] 0.8946, 0.8997, -0.0056
[2.1, 30.0] 0.9419, 0.9487, -0.0072
[2.1, 40.0] 0.9746, 0.9792, -0.0047
[2.1, 50.0] 0.9843, 0.9874, -0.0032
[2.1, 60.0] 0.9924, 0.9919, 0.0005
==== Data Efficiency Comparison ====
==== Binning Info ====
x-axis: [0.0, 0.9, 1.2, 2.1, 2.4]
y-axis: [15.0, 20.0, 25.0, 30.0, 40.0, 50.0, 60.0, 120.0]
[0.0, 15.0] 0.7563, 0.7415, 0.0200
[0.0, 20.0] 0.8107, 0.8015, 0.0114
[0.0, 25.0] 0.8644, 0.8590, 0.0062
[0.0, 30.0] 0.9310, 0.9301, 0.0010
[0.0, 40.0] 0.9707, 0.9712, -0.0005
[0.0, 50.0] 0.9797, 0.9801, -0.0004
[0.0, 60.0] 0.9854, 0.9862, -0.0008
[0.9, 15.0] 0.7743, 0.7678, 0.0084
[0.9, 20.0] 0.8247, 0.8183, 0.0078
[0.9, 25.0] 0.8723, 0.8707, 0.0019
[0.9, 30.0] 0.9345, 0.9346, -0.0001
[0.9, 40.0] 0.9736, 0.9739, -0.0003
[0.9, 50.0] 0.9830, 0.9837, -0.0007
[0.9, 60.0] 0.9877, 0.9885, -0.0008
[1.2, 15.0] 0.8197, 0.8093, 0.0128
[1.2, 20.0] 0.8659, 0.8623, 0.0042
[1.2, 25.0] 0.9045, 0.9042, 0.0003
[1.2, 30.0] 0.9495, 0.9505, -0.0010
[1.2, 40.0] 0.9805, 0.9816, -0.0011
[1.2, 50.0] 0.9869, 0.9873, -0.0004
[1.2, 60.0] 0.9907, 0.9905, 0.0002
[2.1, 15.0] 0.8055, 0.7998, 0.0071
[2.1, 20.0] 0.8613, 0.8566, 0.0055
[2.1, 25.0] 0.9040, 0.9035, 0.0005
[2.1, 30.0] 0.9512, 0.9517, -0.0005
[2.1, 40.0] 0.9785, 0.9802, -0.0018
[2.1, 50.0] 0.9865, 0.9885, -0.0020
[2.1, 60.0] 0.9913, 0.9927, -0.0014

==== MC Efficiency Comparison ====
==== Binning Info ====
x-axis: [0.0, 0.9, 1.2, 2.1, 2.4]
y-axis: [15.0, 20.0, 25.0, 30.0, 40.0, 50.0, 60.0, 120.0]
[0.0, 15.0] 0.7526, 0.7492, 0.0045
[0.0, 20.0] 0.8104, 0.8057, 0.0058
[0.0, 25.0] 0.8686, 0.8664, 0.0025
[0.0, 30.0] 0.9345, 0.9342, 0.0003
[0.0, 40.0] 0.9733, 0.9741, -0.0009
[0.0, 50.0] 0.9809, 0.9829, -0.0020
[0.0, 60.0] 0.9864, 0.9871, -0.0007
[0.9, 15.0] 0.7632, 0.7663, -0.0041
[0.9, 20.0] 0.8198, 0.8180, 0.0022
[0.9, 25.0] 0.8676, 0.8678, -0.0002
[0.9, 30.0] 0.9333, 0.9341, -0.0008
[0.9, 40.0] 0.9742, 0.9759, -0.0017
[0.9, 50.0] 0.9824, 0.9841, -0.0017
[0.9, 60.0] 0.9877, 0.9884, -0.0007
[1.2, 15.0] 0.8033, 0.8067, -0.0042
[1.2, 20.0] 0.8562, 0.8562, -0.0000
[1.2, 25.0] 0.8987, 0.8996, -0.0010
[1.2, 30.0] 0.9468, 0.9490, -0.0023
[1.2, 40.0] 0.9800, 0.9817, -0.0018
[1.2, 50.0] 0.9865, 0.9884, -0.0019
[1.2, 60.0] 0.9903, 0.9906, -0.0003
[2.1, 15.0] 0.7770, 0.7890, -0.0152
[2.1, 20.0] 0.8424, 0.8475, -0.0060
[2.1, 25.0] 0.8946, 0.8997, -0.0056
[2.1, 30.0] 0.9419, 0.9487, -0.0072
[2.1, 40.0] 0.9746, 0.9792, -0.0047
[2.1, 50.0] 0.9843, 0.9874, -0.0032
[2.1, 60.0] 0.9924, 0.9919, 0.0005
