ibin	Central	Staterr	Systerr	Totalerr  [MassRange]	[MassBin]	[TagIso]	[AltSig]   Syst/Stat
0	0.9262 	0.0013 	0.0007	0.0015	+0.0002	+0.0005	+0.0005	+0.0000	+0.0001	+0.0000	+0.0000	    	0.55
1	0.9673 	0.0013 	0.0013	0.0018	+0.0006	-0.0001	-0.0007	+0.0000	-0.0001	-0.0001	-0.0009	    	0.99
2	0.9574 	0.0008 	0.0004	0.0009	+0.0001	+0.0003	+0.0000	+0.0001	-0.0002	+0.0001	-0.0001	    	0.48
3	0.9291 	0.0019 	0.0018	0.0026	+0.0009	+0.0003	+0.0001	+0.0002	+0.0009	-0.0002	-0.0013	    	0.96
4	0.9258 	0.0007 	0.0007	0.0010	+0.0007	-0.0002	+0.0000	+0.0000	+0.0000	-0.0001	-0.0002	    	1.05
5	0.9643 	0.0009 	0.0010	0.0013	+0.0004	-0.0001	+0.0008	+0.0001	+0.0002	+0.0000	-0.0003	    	1.07
6	0.9607 	0.0006 	0.0004	0.0007	-0.0001	-0.0001	+0.0001	+0.0000	+0.0004	+0.0000	-0.0001	    	0.73
7	0.9344 	0.0014 	0.0009	0.0017	+0.0000	-0.0005	+0.0002	+0.0000	-0.0003	-0.0001	-0.0007	    	0.67
8	0.9276 	0.0005 	0.0003	0.0006	-0.0003	-0.0003	-0.0001	+0.0000	-0.0001	+0.0001	+0.0000	    	0.66
9	0.9660 	0.0006 	0.0012	0.0013	-0.0006	-0.0003	+0.0000	+0.0000	+0.0001	+0.0000	-0.0010	    	1.95
10	0.9616 	0.0004 	0.0004	0.0005	+0.0003	-0.0001	-0.0002	+0.0000	+0.0000	+0.0000	+0.0001	    	0.94
11	0.9409 	0.0010 	0.0008	0.0013	+0.0002	+0.0000	-0.0001	+0.0000	+0.0005	-0.0004	-0.0006	    	0.81
12	0.9270 	0.0003 	0.0003	0.0004	+0.0003	+0.0003	+0.0001	+0.0000	+0.0001	-0.0001	+0.0000	    	1.11
13	0.9652 	0.0005 	0.0003	0.0006	+0.0000	+0.0001	+0.0003	+0.0000	-0.0001	-0.0001	+0.0000	    	0.66
14	0.9628 	0.0003 	0.0003	0.0004	-0.0001	+0.0000	-0.0002	+0.0000	+0.0000	-0.0001	+0.0001	    	0.88
15	0.9406 	0.0007 	0.0006	0.0010	+0.0004	-0.0003	-0.0005	+0.0000	+0.0000	-0.0001	+0.0000	    	0.93
16	0.9273 	0.0002 	0.0001	0.0002	+0.0001	+0.0000	+0.0000	+0.0000	+0.0001	+0.0000	+0.0000	    	0.71
17	0.9649 	0.0002 	0.0002	0.0003	+0.0001	+0.0000	-0.0001	+0.0000	+0.0000	-0.0001	+0.0000	    	0.87
18	0.9623 	0.0002 	0.0001	0.0002	+0.0000	+0.0000	+0.0001	+0.0000	+0.0001	+0.0000	+0.0000	    	0.71
19	0.9437 	0.0004 	0.0016	0.0016	+0.0004	-0.0001	+0.0000	+0.0000	+0.0001	+0.0001	-0.0015	    	3.89
20	0.9269 	0.0001 	0.0001	0.0002	+0.0000	+0.0000	-0.0001	+0.0000	+0.0000	-0.0001	+0.0000	    	1.41
21	0.9639 	0.0002 	0.0001	0.0002	+0.0000	+0.0000	+0.0000	+0.0000	+0.0001	+0.0000	+0.0000	    	0.50
22	0.9626 	0.0001 	0.0001	0.0001	+0.0000	+0.0000	+0.0000	+0.0000	+0.0001	+0.0000	+0.0000	    	1.00
23	0.9452 	0.0004 	0.0003	0.0005	+0.0002	+0.0000	-0.0001	+0.0000	+0.0000	-0.0001	-0.0001	    	0.66
24	0.9254 	0.0003 	0.0002	0.0004	+0.0001	-0.0001	+0.0001	+0.0000	+0.0001	+0.0000	+0.0001	    	0.67
25	0.9630 	0.0003 	0.0012	0.0012	+0.0009	+0.0005	+0.0005	+0.0001	+0.0001	+0.0000	+0.0006	    	3.99
26	0.9621 	0.0002 	0.0005	0.0005	-0.0004	-0.0001	+0.0000	+0.0000	+0.0001	-0.0001	-0.0002	    	2.29
27	0.9417 	0.0007 	0.0006	0.0009	-0.0002	+0.0004	+0.0001	+0.0000	+0.0000	+0.0000	+0.0004	    	0.82
28	0.9205 	0.0013 	0.0011	0.0017	-0.0001	-0.0008	+0.0005	+0.0002	+0.0001	+0.0001	+0.0006	    	0.86
29	0.9639 	0.0017 	0.0008	0.0019	+0.0005	-0.0001	-0.0004	-0.0001	-0.0005	-0.0002	+0.0000	    	0.48
30	0.9311 	0.0016 	0.0018	0.0024	+0.0006	-0.0008	+0.0002	+0.0001	-0.0006	+0.0002	-0.0015	    	1.13
31	0.9205 	0.0054 	0.0060	0.0080	+0.0014	-0.0010	-0.0051	+0.0003	-0.0008	+0.0018	+0.0021	    	1.11
Average	error:	0.000828 (stat)	0.000822 (syst)	0.001194 (total)

TnP Configurations 
Event Selection(Data) : ( (probe_isMedium && probe_miniIso_rhoAll < 0.1 && probe_iso03_sumPt/probe_pt < 0.4 && ( (probe_3DIPerrVTX > 0 && probe_3DIPVTX/probe_3DIPerrVTX < 3) || probe_3DIPerrVTX == 0) ) && tag_isTight && tag_HLT_IsoMu24_v==1 && tag_pt > 26 && fabs(tag_eta) < 2.4 && (tag_pfIso04_charged + max(0, tag_pfIso04_neutral+tag_pfIso04_photon-(0.5*tag_pfIso04_sumPU)))/tag_pt < 0.15 && 60 < pair_mass && pair_mass < 140 && pair_dR > 0.3) 
Event Selection(MC) : ( (probe_isMedium && probe_miniIso_rhoAll < 0.1 && probe_iso03_sumPt/probe_pt < 0.4 && ( (probe_3DIPerrVTX > 0 && probe_3DIPVTX/probe_3DIPerrVTX < 3) || probe_3DIPerrVTX == 0) ) && tag_isTight && tag_HLT_IsoMu24_v==1 && tag_pt > 26 && fabs(tag_eta) < 2.4 && (tag_pfIso04_charged + max(0, tag_pfIso04_neutral+tag_pfIso04_photon-(0.5*tag_pfIso04_sumPU)))/tag_pt < 0.15 && 60 < pair_mass && pair_mass < 140 && pair_dR > 0.3)*(genWeight) 
Passing Probe Condtion : (probe_isMedium && probe_miniIso_rhoAll < 0.1 && probe_iso03_sumPt/probe_pt < 0.4 && ( (probe_3DIPerrVTX > 0 && probe_3DIPVTX/probe_3DIPerrVTX < 3) || probe_3DIPerrVTX == 0) ) && (probe_hltDiMuonGlb17Glb8RelTrkIsoFiltered0p4_dr<0.3 || probe_hltDiMuonGlb17Trk8RelTrkIsoFiltered0p4_dr<0.3 || probe_hltDiMuonTrk17Trk8RelTrkIsoFiltered0p4_dr<0.3) 
Input file(Data) : ['/gv0/Users/choij/TnPTrees/v220707/muon/Run2016_UL_HIPM/SingleMuon_2016a.root'] 
Input file(MC) : ['/gv0/Users/choij/TnPTrees/v220707/muon/Run2016_UL_HIPM/DYJetsToLL_M-50_TuneCP5_13TeV-madgraphMLM-pythia8.root'] 
Binnings : [{'var': 'fabs(probe_eta)', 'type': 'float', 'bins': [0.0, 0.9, 1.2, 2.1, 2.4], 'title': '|#eta_{SC}|'}, {'var': 'probe_pt', 'type': 'float', 'bins': [10.0, 15.0, 20.0, 25.0, 30.0, 40.0, 50.0, 100.0, 200.0], 'title': 'p_{T}'}] 
