ibin	Central	Staterr	Systerr	Totalerr  [MassRange]	[MassBin]	[TagIso]	[AltSig]   Syst/Stat
0	0.8197 	0.0015 	0.0142	0.0142	+0.0091	-0.0141	+0.0012	-0.0002	-0.0002	-0.0003	-0.0002	    	9.44
1	0.8238 	0.0020 	0.0092	0.0094	+0.0066	-0.0091	+0.0010	-0.0004	-0.0008	-0.0003	+0.0000	    	4.59
2	0.8122 	0.0011 	0.0072	0.0073	+0.0043	-0.0071	-0.0002	-0.0002	-0.0001	-0.0004	-0.0009	    	6.52
3	0.7542 	0.0020 	0.0057	0.0061	+0.0012	-0.0056	-0.0011	-0.0002	+0.0001	-0.0005	+0.0000	    	2.86
4	0.8553 	0.0009 	0.0246	0.0246	+0.0140	-0.0238	-0.0044	-0.0003	-0.0003	-0.0002	-0.0044	    	27.34
5	0.8536 	0.0014 	0.0164	0.0165	+0.0119	-0.0164	-0.0010	-0.0002	-0.0001	-0.0003	-0.0004	    	11.74
6	0.8401 	0.0008 	0.0116	0.0116	+0.0080	-0.0115	+0.0001	-0.0002	+0.0000	-0.0003	-0.0012	    	14.46
7	0.7828 	0.0014 	0.0118	0.0119	+0.0051	-0.0118	-0.0005	-0.0002	+0.0000	-0.0005	-0.0003	    	8.45
8	0.8712 	0.0004 	0.0186	0.0186	+0.0186	-0.0163	-0.0001	+0.0003	+0.0005	+0.0003	+0.0000	    	46.52
9	0.8630 	0.0007 	0.0187	0.0187	+0.0156	-0.0182	+0.0042	+0.0002	+0.0002	+0.0002	-0.0001	    	26.69
10	0.8587 	0.0006 	0.0124	0.0124	+0.0098	-0.0124	-0.0005	-0.0002	-0.0001	-0.0003	-0.0005	    	20.71
11	0.7995 	0.0008 	0.0075	0.0075	+0.0054	-0.0067	+0.0033	+0.0001	+0.0004	-0.0001	-0.0001	    	9.35
12	0.9031 	0.0003 	0.0073	0.0073	+0.0073	-0.0047	+0.0001	-0.0002	-0.0002	-0.0002	-0.0002	    	24.36
13	0.8880 	0.0007 	0.0100	0.0100	+0.0090	-0.0047	-0.0030	-0.0003	-0.0005	-0.0003	-0.0030	    	14.23
14	0.8815 	0.0004 	0.0086	0.0086	+0.0086	-0.0036	+0.0000	-0.0003	-0.0002	-0.0003	-0.0007	    	21.60
15	0.8257 	0.0006 	0.0033	0.0034	+0.0022	-0.0019	+0.0000	-0.0002	+0.0002	-0.0002	-0.0025	    	5.57
16	0.9435 	0.0001 	0.0012	0.0012	+0.0012	-0.0005	+0.0000	-0.0001	+0.0001	-0.0002	-0.0001	    	12.25
17	0.9297 	0.0002 	0.0020	0.0020	+0.0019	-0.0007	-0.0004	-0.0001	+0.0000	-0.0003	-0.0002	    	9.87
18	0.9148 	0.0001 	0.0026	0.0026	+0.0025	-0.0005	+0.0005	+0.0000	+0.0004	+0.0004	+0.0000	    	25.81
19	0.8560 	0.0004 	0.0017	0.0017	+0.0016	-0.0003	+0.0001	+0.0001	+0.0002	+0.0000	-0.0005	    	4.23
20	0.9655 	0.0001 	0.0002	0.0003	+0.0001	-0.0001	+0.0000	-0.0001	+0.0002	-0.0001	+0.0000	    	2.45
21	0.9574 	0.0003 	0.0004	0.0005	+0.0002	-0.0001	-0.0001	+0.0000	+0.0003	-0.0001	+0.0000	    	1.25
22	0.9371 	0.0001 	0.0004	0.0004	+0.0002	+0.0000	-0.0001	+0.0000	+0.0003	-0.0001	+0.0000	    	3.74
23	0.8778 	0.0002 	0.0002	0.0003	+0.0001	+0.0000	+0.0000	-0.0001	+0.0001	-0.0001	+0.0000	    	0.87
24	0.9685 	0.0001 	0.0003	0.0004	+0.0001	-0.0001	+0.0000	-0.0001	+0.0001	-0.0001	-0.0003	    	3.46
25	0.9594 	0.0003 	0.0003	0.0005	+0.0001	-0.0001	-0.0001	+0.0000	+0.0003	-0.0001	-0.0001	    	1.15
26	0.9403 	0.0002 	0.0008	0.0008	+0.0002	+0.0001	+0.0000	+0.0000	+0.0003	-0.0008	+0.0000	    	4.12
27	0.8797 	0.0010 	0.0079	0.0079	+0.0059	+0.0004	-0.0002	+0.0000	+0.0052	+0.0001	+0.0000	    	7.87
28	0.9704 	0.0009 	0.0003	0.0010	+0.0001	-0.0003	+0.0000	-0.0001	+0.0001	-0.0001	-0.0001	    	0.38
29	0.9580 	0.0004 	0.0020	0.0020	+0.0013	+0.0007	+0.0012	+0.0000	+0.0001	+0.0000	+0.0009	    	4.97
30	0.9402 	0.0003 	0.0027	0.0027	+0.0004	-0.0001	-0.0026	+0.0000	+0.0003	-0.0001	+0.0004	    	8.93
31	0.8854 	0.0011 	0.0014	0.0018	+0.0009	+0.0006	-0.0010	+0.0001	+0.0005	+0.0000	+0.0000	    	1.30
32	0.9680 	0.0015 	0.0004	0.0015	+0.0000	-0.0001	+0.0002	+0.0001	+0.0003	+0.0000	+0.0000	    	0.25
33	0.9588 	0.0034 	0.0021	0.0040	-0.0006	+0.0008	+0.0017	+0.0004	-0.0001	+0.0007	-0.0006	    	0.62
34	0.9361 	0.0029 	0.0047	0.0055	+0.0011	-0.0010	-0.0045	+0.0000	-0.0004	-0.0001	+0.0003	    	1.61
35	0.9059 	0.0103 	0.0105	0.0147	+0.0048	-0.0004	-0.0002	+0.0004	-0.0059	+0.0002	+0.0072	    	1.02
Average	error:	0.001097 (stat)	0.006367 (syst)	0.006665 (total)

TnP Configurations 
Event Selection(Data) : (probe_isTracker && tag_HLT_IsoMu27_v==1 && tag_pt > 29 && fabs(tag_eta) < 2.4 && (tag_pfIso04_charged + max(0, tag_pfIso04_neutral+tag_pfIso04_photon-(0.5*tag_pfIso04_sumPU)))/tag_pt < 0.2 && tag_isTight && 60 < pair_mass && pair_mass < 140 && pair_dR > 0.3 && pair_probeMultiplicity == 1) 
Event Selection(MC) : (probe_isTracker && tag_HLT_IsoMu27_v==1 && tag_pt > 29 && fabs(tag_eta) < 2.4 && (tag_pfIso04_charged + max(0, tag_pfIso04_neutral+tag_pfIso04_photon-(0.5*tag_pfIso04_sumPU)))/tag_pt < 0.2 && tag_isTight && 60 < pair_mass && pair_mass < 140 && pair_dR > 0.3 && pair_probeMultiplicity == 1) 
Passing Probe Condtion : probe_isMedium && probe_miniIso_rhoAll < 0.1 && probe_iso03_sumPt/probe_pt < 0.4 && ( (probe_3DIPerrVTX>0 && probe_3DIPVTX/probe_3DIPerrVTX<3) || probe_3DIPerrVTX==0) && abs(probe_dz) < 0.1 
Input file(Data) : ['/gv0/Users/choij/TnPTrees/v220707/muon/Run2017_UL/SingleMuon_2017.root'] 
Input file(MC) : ['/gv0/Users/choij/TnPTrees/v220707/muon/Run2017_UL/DYJetsToMuMu_M-50_massWgtFix_TuneCP5_13TeV-powhegMiNNLO-pythia8-photos.root'] 
Binnings : [{'var': 'fabs(probe_eta)', 'type': 'float', 'bins': [0.0, 0.9, 1.2, 2.1, 2.4], 'title': '|#eta_{SC}|'}, {'var': 'probe_pt', 'type': 'float', 'bins': [10.0, 15.0, 20.0, 25.0, 30.0, 40.0, 50.0, 60.0, 120.0, 200.0], 'title': 'p_{T}'}] 
