ibin	Central	Staterr	Systerr	Totalerr  [MassRange]	[MassBin]	[TagIso]	[AltSig]   Syst/Stat
0	0.8012 	0.0025 	0.0145	0.0147	+0.0113	-0.0144	+0.0011	-0.0004	-0.0004	+0.0008	+0.0000	    	5.79
1	0.8103 	0.0037 	0.0093	0.0100	+0.0085	-0.0089	-0.0015	-0.0003	-0.0004	-0.0003	-0.0023	    	2.52
2	0.8136 	0.0016 	0.0082	0.0084	+0.0021	-0.0040	+0.0003	+0.0008	+0.0014	+0.0005	-0.0070	    	5.14
3	0.7559 	0.0032 	0.0156	0.0159	-0.0009	-0.0037	-0.0007	+0.0006	-0.0024	+0.0010	-0.0149	    	4.86
4	0.8361 	0.0008 	0.0209	0.0209	+0.0158	-0.0209	-0.0002	-0.0002	-0.0006	+0.0000	-0.0008	    	26.16
5	0.8468 	0.0020 	0.0166	0.0168	+0.0116	-0.0166	-0.0012	-0.0002	+0.0001	+0.0003	-0.0003	    	8.32
6	0.8416 	0.0011 	0.0114	0.0115	+0.0059	-0.0106	+0.0001	-0.0002	+0.0000	-0.0003	-0.0043	    	10.40
7	0.7793 	0.0020 	0.0059	0.0063	+0.0046	-0.0046	+0.0000	-0.0002	+0.0010	-0.0002	-0.0036	    	2.96
8	0.8570 	0.0008 	0.0177	0.0177	+0.0162	-0.0177	-0.0003	-0.0001	-0.0002	-0.0001	+0.0000	    	22.13
9	0.8609 	0.0009 	0.0183	0.0184	+0.0155	-0.0183	-0.0004	-0.0002	-0.0011	-0.0001	+0.0000	    	20.37
10	0.8564 	0.0007 	0.0126	0.0126	+0.0098	-0.0126	-0.0006	-0.0001	-0.0002	-0.0001	-0.0006	    	18.04
11	0.7951 	0.0014 	0.0073	0.0074	+0.0051	-0.0072	-0.0003	-0.0001	+0.0002	-0.0003	-0.0010	    	5.20
12	0.8884 	0.0004 	0.0099	0.0099	+0.0099	-0.0030	+0.0001	-0.0001	+0.0004	-0.0003	+0.0000	    	24.77
13	0.8786 	0.0014 	0.0114	0.0115	+0.0114	-0.0038	-0.0002	-0.0004	-0.0002	+0.0001	-0.0003	    	8.15
14	0.8755 	0.0003 	0.0098	0.0098	+0.0098	-0.0042	-0.0002	+0.0005	+0.0007	-0.0001	-0.0003	    	32.81
15	0.8167 	0.0006 	0.0055	0.0056	+0.0055	-0.0021	+0.0001	-0.0001	+0.0002	+0.0000	-0.0004	    	9.20
16	0.9348 	0.0001 	0.0009	0.0009	+0.0009	-0.0003	+0.0000	+0.0000	+0.0002	-0.0001	+0.0000	    	9.22
17	0.9241 	0.0004 	0.0011	0.0012	+0.0011	-0.0004	-0.0002	+0.0000	+0.0002	+0.0000	+0.0000	    	2.84
18	0.9096 	0.0002 	0.0014	0.0014	+0.0014	-0.0003	+0.0000	+0.0000	+0.0001	+0.0000	+0.0000	    	7.02
19	0.8474 	0.0007 	0.0017	0.0018	+0.0014	-0.0002	+0.0007	+0.0000	+0.0006	+0.0003	-0.0003	    	2.43
20	0.9580 	0.0001 	0.0002	0.0002	+0.0000	+0.0000	+0.0001	-0.0001	+0.0001	-0.0001	-0.0001	    	1.73
21	0.9523 	0.0002 	0.0005	0.0005	+0.0003	+0.0000	+0.0000	+0.0000	+0.0004	+0.0000	+0.0001	    	2.55
22	0.9338 	0.0001 	0.0003	0.0003	+0.0001	+0.0002	+0.0001	+0.0000	+0.0002	+0.0000	+0.0001	    	3.16
23	0.8687 	0.0004 	0.0003	0.0005	+0.0000	+0.0001	+0.0000	+0.0000	+0.0003	+0.0000	+0.0000	    	0.79
24	0.9617 	0.0005 	0.0004	0.0006	+0.0003	+0.0000	+0.0000	-0.0001	+0.0000	-0.0002	+0.0000	    	0.75
25	0.9554 	0.0005 	0.0004	0.0006	+0.0001	-0.0001	-0.0003	+0.0000	-0.0001	-0.0002	+0.0000	    	0.75
26	0.9385 	0.0003 	0.0003	0.0004	+0.0001	-0.0003	+0.0000	+0.0000	+0.0001	-0.0001	-0.0001	    	1.11
27	0.8803 	0.0008 	0.0038	0.0039	-0.0023	-0.0024	-0.0004	-0.0002	-0.0020	-0.0001	-0.0022	    	4.80
28	0.9641 	0.0003 	0.0005	0.0006	+0.0004	-0.0002	+0.0001	+0.0001	+0.0003	+0.0000	+0.0000	    	1.70
29	0.9570 	0.0007 	0.0008	0.0011	+0.0004	-0.0005	+0.0006	+0.0000	+0.0003	+0.0000	-0.0001	    	1.20
30	0.9411 	0.0005 	0.0015	0.0016	-0.0001	-0.0011	-0.0006	+0.0000	-0.0006	-0.0001	-0.0006	    	3.03
31	0.8862 	0.0016 	0.0078	0.0080	-0.0029	-0.0049	-0.0008	-0.0037	+0.0008	-0.0037	-0.0031	    	4.88
32	0.9633 	0.0025 	0.0014	0.0029	+0.0008	-0.0002	-0.0001	+0.0003	-0.0011	+0.0001	+0.0000	    	0.56
33	0.9540 	0.0052 	0.0041	0.0066	+0.0005	+0.0004	+0.0011	+0.0003	-0.0008	+0.0011	-0.0038	    	0.80
34	0.9379 	0.0038 	0.0026	0.0046	+0.0013	-0.0012	-0.0001	+0.0000	+0.0014	+0.0023	-0.0001	    	0.70
35	0.8758 	0.0157 	0.0114	0.0194	-0.0010	-0.0034	+0.0002	+0.0001	-0.0045	+0.0003	+0.0099	    	0.73
Average	error:	0.001611 (stat)	0.006578 (syst)	0.007077 (total)

TnP Configurations 
Event Selection(Data) : (probe_isTracker && tag_HLT_IsoMu27_v==1 && tag_pt > 29 && fabs(tag_eta) < 2.4 && (tag_pfIso04_charged + max(0, tag_pfIso04_neutral+tag_pfIso04_photon-(0.5*tag_pfIso04_sumPU)))/tag_pt < 0.2 && tag_isTight && 60 < pair_mass && pair_mass < 140 && pair_dR > 0.3 && pair_probeMultiplicity == 1) 
Event Selection(MC) : (probe_isTracker && tag_HLT_IsoMu27_v==1 && tag_pt > 29 && fabs(tag_eta) < 2.4 && (tag_pfIso04_charged + max(0, tag_pfIso04_neutral+tag_pfIso04_photon-(0.5*tag_pfIso04_sumPU)))/tag_pt < 0.2 && tag_isTight && 60 < pair_mass && pair_mass < 140 && pair_dR > 0.3 && pair_probeMultiplicity == 1) 
Passing Probe Condtion : probe_isMedium && probe_miniIso_rhoAll < 0.1 && probe_iso03_sumPt/probe_pt < 0.4 && ( (probe_3DIPerrVTX>0 && probe_3DIPVTX/probe_3DIPerrVTX<3) || probe_3DIPerrVTX==0) && abs(probe_dz) < 0.1 
Input file(Data) : ['/gv0/Users/choij/TnPTrees/v220707/muon/Run2017_UL/SingleMuon_2017.root'] 
Input file(MC) : ['/gv0/Users/choij/TnPTrees/v220707/muon/Run2017_UL/DYJetsToMuMu_M-50_massWgtFix_TuneCP5_13TeV-powhegMiNNLO-pythia8-photos.root'] 
Binnings : [{'var': 'fabs(probe_eta)', 'type': 'float', 'bins': [0.0, 0.9, 1.2, 2.1, 2.4], 'title': '|#eta_{SC}|'}, {'var': 'probe_pt', 'type': 'float', 'bins': [10.0, 15.0, 20.0, 25.0, 30.0, 40.0, 50.0, 60.0, 120.0, 200.0], 'title': 'p_{T}'}] 
