ibin	Central	Staterr	Systerr	Totalerr  [MassRange]	[MassBin]	[TagIso]	[AltSig]   Syst/Stat
0	0.9567 	0.0000 	0.0006	0.0006	+0.0004	+0.0004	+0.0005	+0.0001	+0.0000	+0.0000	+0.0000	    
1	0.9837 	0.0000 	0.0004	0.0004	+0.0000	-0.0001	-0.0002	-0.0001	-0.0003	-0.0001	-0.0001	    
2	0.9627 	0.0000 	0.0004	0.0004	+0.0002	-0.0001	+0.0002	+0.0002	+0.0002	+0.0002	+0.0002	    
3	0.9479 	0.0000 	0.0009	0.0009	-0.0002	-0.0002	-0.0009	+0.0000	+0.0001	-0.0001	+0.0000	    
4	0.9618 	0.0000 	0.0002	0.0002	-0.0002	-0.0001	+0.0000	-0.0001	+0.0000	-0.0001	+0.0000	    
5	0.9875 	0.0000 	0.0002	0.0002	+0.0000	+0.0001	+0.0001	+0.0000	+0.0001	-0.0001	+0.0000	    
6	0.9654 	0.0000 	0.0006	0.0006	+0.0002	+0.0003	+0.0003	+0.0003	+0.0003	+0.0000	+0.0002	    
7	0.9537 	0.0000 	0.0012	0.0012	+0.0001	-0.0009	+0.0002	+0.0000	+0.0001	-0.0001	-0.0007	    
8	0.9635 	0.0000 	0.0005	0.0005	-0.0004	-0.0001	+0.0003	+0.0000	+0.0001	-0.0001	+0.0000	    
9	0.9884 	0.0000 	0.0004	0.0004	-0.0002	-0.0003	+0.0000	-0.0001	-0.0001	-0.0001	-0.0002	    
10	0.9663 	0.0000 	0.0003	0.0003	-0.0001	+0.0000	-0.0003	+0.0000	+0.0001	+0.0000	+0.0000	    
11	0.9563 	0.0000 	0.0004	0.0004	+0.0002	+0.0003	+0.0003	+0.0000	+0.0000	-0.0001	-0.0001	    
12	0.9635 	0.0000 	0.0004	0.0004	+0.0002	+0.0003	+0.0002	+0.0001	+0.0001	+0.0001	+0.0000	    
13	0.9880 	0.0000 	0.0001	0.0001	-0.0001	+0.0000	+0.0000	+0.0000	+0.0000	+0.0000	+0.0000	    
14	0.9669 	0.0000 	0.0005	0.0005	-0.0002	+0.0001	+0.0004	+0.0000	+0.0003	+0.0002	+0.0001	    
15	0.9578 	0.0000 	0.0005	0.0005	+0.0004	+0.0001	+0.0001	+0.0001	+0.0000	+0.0000	+0.0002	    
16	0.9632 	0.0000 	0.0002	0.0002	+0.0001	+0.0001	+0.0001	+0.0000	+0.0001	+0.0001	+0.0001	    
17	0.9881 	0.0000 	0.0000	0.0000	+0.0000	+0.0000	+0.0000	+0.0000	+0.0000	+0.0000	+0.0000	    
18	0.9677 	0.0000 	0.0005	0.0005	+0.0002	+0.0002	+0.0003	+0.0002	+0.0001	+0.0002	+0.0002	    
19	0.9582 	0.0000 	0.0006	0.0006	-0.0002	-0.0003	+0.0000	+0.0000	-0.0001	-0.0003	-0.0004	    
20	0.9622 	0.0000 	0.0001	0.0001	+0.0000	+0.0000	-0.0001	+0.0000	+0.0000	-0.0001	+0.0000	    
21	0.9882 	0.0000 	0.0000	0.0000	+0.0000	+0.0000	+0.0000	+0.0000	+0.0000	+0.0000	+0.0000	    
22	0.9685 	0.0000 	0.0001	0.0001	+0.0000	+0.0000	+0.0000	+0.0000	+0.0001	+0.0000	+0.0000	    
23	0.9593 	0.0000 	0.0001	0.0001	+0.0001	-0.0001	+0.0000	+0.0000	+0.0001	-0.0001	+0.0000	    
24	0.9608 	0.0000 	0.0001	0.0001	+0.0000	+0.0001	+0.0001	+0.0000	+0.0000	+0.0000	+0.0000	    
25	0.9881 	0.0000 	0.0001	0.0001	+0.0000	+0.0001	+0.0000	+0.0001	+0.0000	+0.0000	+0.0000	    
26	0.9690 	0.0000 	0.0001	0.0001	+0.0001	+0.0000	+0.0000	+0.0000	+0.0001	+0.0000	+0.0000	    
27	0.9584 	0.0000 	0.0002	0.0002	+0.0002	-0.0001	+0.0000	+0.0000	+0.0001	-0.0001	+0.0001	    
28	0.9569 	0.0000 	0.0002	0.0002	+0.0000	+0.0002	+0.0001	+0.0001	+0.0001	-0.0001	+0.0000	    
29	0.9878 	0.0000 	0.0004	0.0004	-0.0001	-0.0001	+0.0002	+0.0000	-0.0003	-0.0001	+0.0000	    
30	0.9695 	0.0000 	0.0005	0.0005	-0.0001	-0.0002	+0.0004	+0.0000	-0.0001	-0.0001	+0.0000	    
31	0.9593 	0.0000 	0.0021	0.0021	+0.0002	+0.0002	-0.0001	-0.0001	-0.0004	+0.0001	+0.0020	    
Average	error:	0.000000 (stat)	0.000408 (syst)	0.000408 (total)

TnP Configurations 
Event Selection(Data) : ( (probe_isMedium && probe_miniIso_rhoAll < 0.1 && probe_iso03_sumPt/probe_pt < 0.4 && ( (probe_3DIPerrVTX > 0 && probe_3DIPVTX/probe_3DIPerrVTX < 3) || probe_3DIPerrVTX == 0) ) && tag_isTight && tag_HLT_IsoMu24_v==1 && tag_pt > 26 && fabs(tag_eta) < 2.4 && (tag_pfIso04_charged + max(0, tag_pfIso04_neutral+tag_pfIso04_photon-(0.5*tag_pfIso04_sumPU)))/tag_pt < 0.15 && 60 < pair_mass && pair_mass < 140 && pair_dR > 0.3) 
Event Selection(MC) : ( (probe_isMedium && probe_miniIso_rhoAll < 0.1 && probe_iso03_sumPt/probe_pt < 0.4 && ( (probe_3DIPerrVTX > 0 && probe_3DIPVTX/probe_3DIPerrVTX < 3) || probe_3DIPerrVTX == 0) ) && tag_isTight && tag_HLT_IsoMu24_v==1 && tag_pt > 26 && fabs(tag_eta) < 2.4 && (tag_pfIso04_charged + max(0, tag_pfIso04_neutral+tag_pfIso04_photon-(0.5*tag_pfIso04_sumPU)))/tag_pt < 0.15 && 60 < pair_mass && pair_mass < 140 && pair_dR > 0.3)*(genWeight) 
Passing Probe Condtion : (probe_isMedium && probe_miniIso_rhoAll < 0.1 && probe_iso03_sumPt/probe_pt < 0.4 && ( (probe_3DIPerrVTX > 0 && probe_3DIPVTX/probe_3DIPerrVTX < 3) || probe_3DIPerrVTX == 0) ) && (probe_hltDiMuonGlb17Glb8RelTrkIsoFiltered0p4_dr<0.3 || probe_hltDiMuonGlb17Trk8RelTrkIsoFiltered0p4_dr<0.3 || probe_hltDiMuonTrk17Trk8RelTrkIsoFiltered0p4_dr<0.3) 
Input file(Data) : ['/gv0/Users/choij/TnPTrees/v220707/muon/Run2016_UL_HIPM/SingleMuon_2016a.root'] 
Input file(MC) : ['/gv0/Users/choij/TnPTrees/v220707/muon/Run2016_UL_HIPM/DYJetsToMuMu_M-50_TuneCP5_13TeV-powhegMiNNLO-pythia8-photos.root'] 
Binnings : [{'var': 'fabs(probe_eta)', 'type': 'float', 'bins': [0.0, 0.9, 1.2, 2.1, 2.4], 'title': '|#eta_{SC}|'}, {'var': 'probe_pt', 'type': 'float', 'bins': [10.0, 15.0, 20.0, 25.0, 30.0, 40.0, 50.0, 100.0, 200.0], 'title': 'p_{T}'}] 
