ibin	Central	Staterr	Systerr	Totalerr  [MassRange]	[MassBin]	[TagIso]	[AltSig]   Syst/Stat
0	0.9270 	0.0013 	0.0002	0.0013	-0.0001	+0.0000	+0.0001	+0.0001	+0.0001	+0.0000	+0.0000	    	0.13
1	0.9663 	0.0013 	0.0006	0.0014	+0.0000	-0.0005	-0.0001	-0.0001	-0.0001	-0.0002	-0.0002	    	0.45
2	0.9577 	0.0008 	0.0004	0.0009	+0.0004	+0.0000	-0.0001	+0.0000	-0.0001	+0.0000	-0.0001	    	0.54
3	0.9275 	0.0020 	0.0020	0.0029	+0.0014	+0.0005	-0.0004	+0.0002	+0.0006	+0.0000	-0.0013	    	1.02
4	0.9256 	0.0007 	0.0004	0.0008	+0.0001	-0.0002	-0.0002	+0.0000	+0.0001	-0.0001	-0.0002	    	0.52
5	0.9643 	0.0009 	0.0008	0.0012	+0.0004	-0.0002	+0.0000	+0.0000	+0.0005	+0.0001	+0.0005	    	0.90
6	0.9602 	0.0006 	0.0016	0.0017	+0.0001	-0.0001	-0.0011	+0.0001	+0.0010	+0.0006	+0.0006	    	2.68
7	0.9343 	0.0014 	0.0022	0.0026	+0.0002	-0.0005	+0.0003	+0.0001	-0.0005	+0.0000	-0.0021	    	1.60
8	0.9273 	0.0005 	0.0012	0.0013	+0.0000	-0.0009	+0.0002	+0.0000	-0.0001	+0.0001	-0.0007	    	2.32
9	0.9654 	0.0006 	0.0010	0.0012	+0.0004	-0.0001	+0.0004	+0.0001	+0.0006	+0.0005	+0.0006	    	1.70
10	0.9615 	0.0004 	0.0006	0.0007	+0.0003	-0.0001	-0.0004	+0.0000	+0.0001	+0.0000	+0.0003	    	1.48
11	0.9399 	0.0010 	0.0010	0.0014	+0.0006	-0.0002	+0.0006	+0.0000	+0.0004	-0.0005	-0.0003	    	1.03
12	0.9272 	0.0003 	0.0003	0.0004	+0.0002	-0.0001	+0.0002	+0.0000	+0.0000	-0.0001	+0.0000	    	1.00
13	0.9659 	0.0004 	0.0002	0.0005	-0.0002	-0.0002	-0.0001	+0.0001	+0.0000	+0.0000	+0.0000	    	0.56
14	0.9627 	0.0003 	0.0003	0.0004	-0.0002	+0.0000	+0.0002	+0.0000	+0.0000	-0.0001	+0.0000	    	1.00
15	0.9409 	0.0007 	0.0003	0.0008	+0.0001	-0.0003	+0.0001	+0.0001	+0.0001	+0.0000	+0.0000	    	0.47
16	0.9273 	0.0002 	0.0005	0.0005	+0.0001	+0.0001	-0.0003	-0.0003	-0.0003	-0.0004	+0.0000	    	2.55
17	0.9647 	0.0002 	0.0001	0.0002	+0.0001	+0.0000	+0.0000	+0.0000	+0.0000	-0.0001	+0.0000	    	0.71
18	0.9620 	0.0001 	0.0008	0.0008	+0.0003	+0.0002	+0.0003	+0.0000	+0.0004	-0.0001	+0.0005	    	7.68
19	0.9444 	0.0004 	0.0011	0.0012	-0.0001	-0.0007	-0.0001	-0.0001	+0.0001	+0.0000	-0.0009	    	2.87
20	0.9268 	0.0001 	0.0000	0.0001	+0.0000	+0.0000	+0.0000	+0.0000	+0.0000	+0.0000	+0.0000	    	0.00
21	0.9639 	0.0002 	0.0002	0.0003	-0.0001	+0.0000	+0.0001	+0.0000	+0.0001	-0.0001	+0.0000	    	0.87
22	0.9625 	0.0001 	0.0001	0.0002	+0.0001	+0.0001	+0.0000	+0.0000	+0.0001	+0.0000	+0.0000	    	1.41
23	0.9450 	0.0004 	0.0003	0.0005	+0.0003	+0.0000	+0.0000	+0.0000	+0.0001	-0.0001	+0.0000	    	0.79
24	0.9254 	0.0003 	0.0001	0.0003	+0.0000	+0.0000	+0.0001	+0.0000	+0.0000	-0.0001	+0.0000	    	0.47
25	0.9634 	0.0003 	0.0001	0.0003	-0.0001	+0.0001	+0.0000	+0.0000	+0.0000	-0.0001	+0.0000	    	0.47
26	0.9622 	0.0002 	0.0002	0.0003	-0.0001	-0.0001	-0.0001	+0.0000	+0.0000	-0.0001	+0.0000	    	0.87
27	0.9415 	0.0007 	0.0004	0.0008	-0.0001	+0.0003	+0.0000	+0.0001	-0.0001	-0.0001	+0.0003	    	0.64
28	0.9194 	0.0014 	0.0004	0.0014	-0.0001	+0.0002	+0.0001	+0.0000	-0.0002	+0.0001	-0.0002	    	0.26
29	0.9612 	0.0018 	0.0005	0.0019	-0.0002	+0.0000	+0.0003	+0.0003	-0.0003	-0.0001	+0.0001	    	0.27
30	0.9304 	0.0016 	0.0020	0.0026	+0.0000	-0.0005	+0.0011	+0.0001	-0.0007	+0.0003	-0.0015	    	1.28
31	0.9221 	0.0053 	0.0014	0.0055	+0.0009	-0.0007	-0.0005	-0.0001	-0.0006	+0.0008	+0.0005	    	0.26
Average	error:	0.000828 (stat)	0.000675 (syst)	0.001141 (total)

TnP Configurations 
Event Selection(Data) : ( (probe_isMedium && probe_miniIso_rhoAll < 0.1 && probe_iso03_sumPt/probe_pt < 0.4 && ( (probe_3DIPerrVTX > 0 && probe_3DIPVTX/probe_3DIPerrVTX < 3) || probe_3DIPerrVTX == 0) ) && tag_isTight && tag_HLT_IsoMu24_v==1 && tag_pt > 26 && fabs(tag_eta) < 2.4 && (tag_pfIso04_charged + max(0, tag_pfIso04_neutral+tag_pfIso04_photon-(0.5*tag_pfIso04_sumPU)))/tag_pt < 0.15 && 60 < pair_mass && pair_mass < 140 && pair_dR > 0.3) 
Event Selection(MC) : ( (probe_isMedium && probe_miniIso_rhoAll < 0.1 && probe_iso03_sumPt/probe_pt < 0.4 && ( (probe_3DIPerrVTX > 0 && probe_3DIPVTX/probe_3DIPerrVTX < 3) || probe_3DIPerrVTX == 0) ) && tag_isTight && tag_HLT_IsoMu24_v==1 && tag_pt > 26 && fabs(tag_eta) < 2.4 && (tag_pfIso04_charged + max(0, tag_pfIso04_neutral+tag_pfIso04_photon-(0.5*tag_pfIso04_sumPU)))/tag_pt < 0.15 && 60 < pair_mass && pair_mass < 140 && pair_dR > 0.3)*(genWeight) 
Passing Probe Condtion : (probe_isMedium && probe_miniIso_rhoAll < 0.1 && probe_iso03_sumPt/probe_pt < 0.4 && ( (probe_3DIPerrVTX > 0 && probe_3DIPVTX/probe_3DIPerrVTX < 3) || probe_3DIPerrVTX == 0) ) && (probe_hltDiMuonGlb17Glb8RelTrkIsoFiltered0p4_dr<0.3 || probe_hltDiMuonGlb17Trk8RelTrkIsoFiltered0p4_dr<0.3 || probe_hltDiMuonTrk17Trk8RelTrkIsoFiltered0p4_dr<0.3) 
Input file(Data) : ['/gv0/Users/choij/TnPTrees/v220707/muon/Run2016_UL_HIPM/SingleMuon_2016a.root'] 
Input file(MC) : ['/gv0/Users/choij/TnPTrees/v220707/muon/Run2016_UL_HIPM/DYJetsToMuMu_M-50_TuneCP5_13TeV-powhegMiNNLO-pythia8-photos.root'] 
Binnings : [{'var': 'fabs(probe_eta)', 'type': 'float', 'bins': [0.0, 0.9, 1.2, 2.1, 2.4], 'title': '|#eta_{SC}|'}, {'var': 'probe_pt', 'type': 'float', 'bins': [10.0, 15.0, 20.0, 25.0, 30.0, 40.0, 50.0, 100.0, 200.0], 'title': 'p_{T}'}] 
