ibin	Central	Staterr	Systerr	Totalerr  [MassRange]	[MassBin]	[TagIso]	[AltSig]   Syst/Stat
0	0.9238 	0.0008 	0.0004	0.0009	+0.0004	-0.0004	+0.0001	+0.0000	+0.0001	-0.0001	-0.0001	    	0.54
1	0.9279 	0.0013 	0.0016	0.0021	+0.0000	+0.0006	+0.0002	+0.0000	-0.0001	-0.0004	-0.0014	    	1.22
2	0.9246 	0.0008 	0.0003	0.0009	-0.0002	+0.0000	+0.0002	+0.0000	+0.0001	+0.0002	+0.0000	    	0.43
3	0.8966 	0.0015 	0.0041	0.0044	+0.0020	+0.0016	-0.0002	+0.0022	+0.0028	+0.0022	+0.0000	    	2.72
4	0.9260 	0.0005 	0.0004	0.0006	+0.0003	+0.0001	+0.0001	-0.0001	-0.0002	-0.0001	-0.0001	    	0.77
5	0.9324 	0.0009 	0.0029	0.0030	-0.0015	-0.0012	-0.0002	-0.0013	-0.0015	-0.0013	-0.0014	    	3.17
6	0.9304 	0.0005 	0.0017	0.0017	-0.0003	-0.0003	+0.0000	-0.0012	-0.0011	-0.0001	-0.0002	    	3.33
7	0.9164 	0.0011 	0.0022	0.0025	-0.0010	-0.0014	-0.0001	+0.0000	+0.0001	-0.0002	-0.0017	    	2.01
8	0.9277 	0.0003 	0.0001	0.0003	+0.0000	-0.0001	+0.0001	+0.0000	+0.0000	+0.0000	+0.0000	    	0.47
9	0.9358 	0.0006 	0.0013	0.0015	+0.0000	+0.0001	-0.0010	-0.0001	-0.0008	-0.0009	+0.0000	    	2.25
10	0.9335 	0.0004 	0.0005	0.0007	+0.0000	-0.0001	-0.0001	+0.0000	+0.0000	-0.0003	-0.0004	    	1.30
11	0.9214 	0.0008 	0.0008	0.0012	+0.0000	+0.0001	+0.0002	+0.0000	+0.0000	-0.0001	+0.0008	    	1.05
12	0.9281 	0.0002 	0.0002	0.0003	-0.0001	+0.0000	-0.0001	+0.0000	-0.0002	-0.0001	+0.0000	    	1.22
13	0.9369 	0.0004 	0.0002	0.0004	-0.0001	+0.0000	+0.0000	+0.0000	+0.0001	-0.0001	+0.0001	    	0.43
14	0.9338 	0.0003 	0.0003	0.0004	+0.0001	+0.0000	+0.0001	+0.0000	+0.0002	-0.0001	-0.0002	    	1.05
15	0.9223 	0.0006 	0.0003	0.0007	-0.0002	-0.0003	+0.0001	+0.0000	+0.0000	-0.0001	+0.0001	    	0.58
16	0.9275 	0.0001 	0.0004	0.0004	+0.0001	+0.0000	+0.0000	+0.0000	+0.0003	-0.0003	+0.0003	    	4.36
17	0.9375 	0.0002 	0.0004	0.0005	+0.0001	+0.0002	+0.0000	+0.0000	+0.0001	+0.0002	+0.0003	    	2.06
18	0.9352 	0.0001 	0.0005	0.0005	+0.0001	+0.0000	-0.0003	-0.0002	-0.0002	-0.0003	+0.0002	    	4.80
19	0.9253 	0.0003 	0.0012	0.0012	-0.0003	-0.0005	-0.0006	-0.0006	-0.0006	-0.0007	-0.0005	    	3.87
20	0.9261 	0.0001 	0.0002	0.0002	-0.0001	-0.0001	-0.0001	+0.0000	+0.0000	-0.0001	+0.0000	    	1.73
21	0.9376 	0.0002 	0.0000	0.0002	+0.0000	+0.0000	+0.0000	+0.0000	+0.0000	+0.0000	+0.0000	    	0.00
22	0.9386 	0.0001 	0.0001	0.0001	+0.0000	+0.0000	+0.0000	+0.0000	+0.0001	-0.0001	+0.0000	    	1.00
23	0.9260 	0.0003 	0.0001	0.0003	+0.0001	+0.0000	+0.0000	+0.0000	+0.0001	-0.0001	+0.0000	    	0.47
24	0.9224 	0.0002 	0.0002	0.0003	+0.0001	+0.0001	+0.0000	+0.0001	+0.0000	+0.0001	+0.0000	    	0.87
25	0.9359 	0.0003 	0.0002	0.0003	-0.0001	+0.0000	+0.0000	+0.0000	+0.0000	-0.0001	-0.0001	    	0.58
26	0.9410 	0.0002 	0.0002	0.0003	+0.0000	+0.0001	+0.0000	+0.0000	+0.0001	+0.0000	+0.0001	    	0.87
27	0.9243 	0.0005 	0.0005	0.0007	-0.0004	-0.0002	+0.0001	+0.0000	+0.0000	+0.0001	-0.0002	    	0.94
28	0.9127 	0.0010 	0.0009	0.0013	+0.0002	-0.0006	-0.0002	+0.0000	+0.0000	+0.0000	-0.0006	    	0.87
29	0.9236 	0.0017 	0.0016	0.0024	+0.0001	+0.0012	+0.0011	+0.0000	+0.0002	+0.0000	+0.0000	    	0.96
30	0.9412 	0.0010 	0.0005	0.0011	+0.0001	-0.0002	-0.0003	+0.0001	-0.0003	+0.0000	+0.0000	    	0.47
31	0.9147 	0.0032 	0.0049	0.0058	-0.0027	+0.0011	-0.0013	-0.0002	-0.0001	-0.0004	+0.0038	    	1.52
Average	error:	0.000641 (stat)	0.000914 (syst)	0.001161 (total)

TnP Configurations 
Event Selection(Data) : ( (probe_isMedium && probe_miniIso_rhoAll < 0.1 && probe_iso03_sumPt/probe_pt < 0.4 && ( (probe_3DIPerrVTX > 0 && probe_3DIPVTX/probe_3DIPerrVTX < 3) || probe_3DIPerrVTX == 0) ) && tag_isTight && tag_HLT_IsoMu27_v==1 && tag_pt > 29 && fabs(tag_eta) < 2.4 && (tag_pfIso04_charged + max(0, tag_pfIso04_neutral+tag_pfIso04_photon-(0.5*tag_pfIso04_sumPU)))/tag_pt < 0.15 && 60 < pair_mass && pair_mass < 140 && pair_dR > 0.3) 
Event Selection(MC) : ( (probe_isMedium && probe_miniIso_rhoAll < 0.1 && probe_iso03_sumPt/probe_pt < 0.4 && ( (probe_3DIPerrVTX > 0 && probe_3DIPVTX/probe_3DIPerrVTX < 3) || probe_3DIPerrVTX == 0) ) && tag_isTight && tag_HLT_IsoMu27_v==1 && tag_pt > 29 && fabs(tag_eta) < 2.4 && (tag_pfIso04_charged + max(0, tag_pfIso04_neutral+tag_pfIso04_photon-(0.5*tag_pfIso04_sumPU)))/tag_pt < 0.15 && 60 < pair_mass && pair_mass < 140 && pair_dR > 0.3) 
Passing Probe Condtion : (probe_isMedium && probe_miniIso_rhoAll < 0.1 && probe_iso03_sumPt/probe_pt < 0.4 && ( (probe_3DIPerrVTX > 0 && probe_3DIPVTX/probe_3DIPerrVTX < 3) || probe_3DIPerrVTX == 0) ) && probe_hltDiMuon178RelTrkIsoFiltered0p4_dr<0.3 
Input file(Data) : ['/gv0/Users/choij/TnPTrees/v220707/muon/Run2017_UL/SingleMuon_2017.root'] 
Input file(MC) : ['/gv0/Users/choij/TnPTrees/v220707/muon/Run2017_UL/DYJetsToMuMu_M-50_massWgtFix_TuneCP5_13TeV-powhegMiNNLO-pythia8-photos.root'] 
Binnings : [{'var': 'fabs(probe_eta)', 'type': 'float', 'bins': [0.0, 0.9, 1.2, 2.1, 2.4], 'title': '|#eta_{SC}|'}, {'var': 'probe_pt', 'type': 'float', 'bins': [10.0, 15.0, 20.0, 25.0, 30.0, 40.0, 50.0, 100.0, 200.0], 'title': 'p_{T}'}] 
