==== Data Efficiency Comparison ====
==== Binning Info ====
x-axis: [0.0, 0.9, 1.2, 2.1, 2.4]
y-axis: [15.0, 20.0, 25.0, 30.0, 40.0, 50.0, 60.0, 120.0]
eff_private	eff_official	diff
[0.0, 15.0] 0.7479, 0.7349, 0.0177
[0.0, 20.0] 0.7971, 0.7872, 0.0125
[0.0, 25.0] 0.8518, 0.8453, 0.0077
[0.0, 30.0] 0.9271, 0.9262, 0.0009
[0.0, 40.0] 0.9688, 0.9691, -0.0003
[0.0, 50.0] 0.9795, 0.9792, 0.0003
[0.0, 60.0] 0.9855, 0.9855, -0.0000
[0.9, 15.0] 0.7573, 0.7566, 0.0010
[0.9, 20.0] 0.8005, 0.7926, 0.0099
[0.9, 25.0] 0.8486, 0.8526, -0.0046
[0.9, 30.0] 0.9264, 0.9289, -0.0027
[0.9, 40.0] 0.9696, 0.9696, 0.0000
[0.9, 50.0] 0.9804, 0.9808, -0.0004
[0.9, 60.0] 0.9871, 0.9873, -0.0002
[1.2, 15.0] 0.8156, 0.8123, 0.0040
[1.2, 20.0] 0.8554, 0.8555, -0.0001
[1.2, 25.0] 0.8933, 0.8982, -0.0055
[1.2, 30.0] 0.9468, 0.9500, -0.0034
[1.2, 40.0] 0.9793, 0.9801, -0.0009
[1.2, 50.0] 0.9866, 0.9872, -0.0006
[1.2, 60.0] 0.9903, 0.9902, 0.0001
[2.1, 15.0] 0.8399, 0.8403, -0.0005
[2.1, 20.0] 0.8814, 0.8838, -0.0027
[2.1, 25.0] 0.9216, 0.9260, -0.0047
[2.1, 30.0] 0.9609, 0.9634, -0.0026
[2.1, 40.0] 0.9836, 0.9850, -0.0014
[2.1, 50.0] 0.9899, 0.9908, -0.0009
[2.1, 60.0] 0.9943, 0.9926, 0.0017

==== MC Efficiency Comparison ====
==== Binning Info ====
x-axis: [0.0, 0.9, 1.2, 2.1, 2.4]
y-axis: [15.0, 20.0, 25.0, 30.0, 40.0, 50.0, 60.0, 120.0]
eff_private	eff_official	diff
[0.0, 15.0] 0.7477, 0.7387, 0.0122
[0.0, 20.0] 0.7947, 0.7859, 0.0112
[0.0, 25.0] 0.8532, 0.8477, 0.0065
[0.0, 30.0] 0.9290, 0.9287, 0.0003
[0.0, 40.0] 0.9707, 0.9713, -0.0006
[0.0, 50.0] 0.9816, 0.9813, 0.0003
[0.0, 60.0] 0.9869, 0.9869, 0.0000
[0.9, 15.0] 0.7487, 0.7429, 0.0078
[0.9, 20.0] 0.7973, 0.7896, 0.0098
[0.9, 25.0] 0.8430, 0.8462, -0.0038
[0.9, 30.0] 0.9243, 0.9270, -0.0029
[0.9, 40.0] 0.9702, 0.9703, -0.0001
[0.9, 50.0] 0.9818, 0.9820, -0.0002
[0.9, 60.0] 0.9870, 0.9870, 0.0000
[1.2, 15.0] 0.7941, 0.7899, 0.0054
[1.2, 20.0] 0.8375, 0.8361, 0.0017
[1.2, 25.0] 0.8819, 0.8859, -0.0045
[1.2, 30.0] 0.9409, 0.9439, -0.0032
[1.2, 40.0] 0.9768, 0.9777, -0.0009
[1.2, 50.0] 0.9862, 0.9861, 0.0001
[1.2, 60.0] 0.9899, 0.9897, 0.0002
[2.1, 15.0] 0.8112, 0.8158, -0.0057
[2.1, 20.0] 0.8554, 0.8630, -0.0088
[2.1, 25.0] 0.9042, 0.9117, -0.0082
[2.1, 30.0] 0.9524, 0.9576, -0.0054
[2.1, 40.0] 0.9807, 0.9823, -0.0017
[2.1, 50.0] 0.9889, 0.9903, -0.0014
[2.1, 60.0] 0.9927, 0.9921, 0.0006
