ibin	Central	Staterr	Systerr	Totalerr  [MassRange]	[MassBin]	[TagIso]	[AltSig]   Syst/Stat
0	0.0000 	0.0000 	0.0000	0.0000	+0.0000	+0.0000	+0.0000	+0.0000	+0.0000	+0.0000	+0.0000	    
1	0.0005 	0.0001 	0.0001	0.0001	+0.0000	+0.0000	-0.0001	+0.0000	+0.0000	+0.0000	+0.0000	    	1.00
2	0.0001 	0.0000 	0.0000	0.0000	+0.0000	+0.0000	+0.0000	+0.0000	+0.0000	+0.0000	+0.0000	    
3	0.0006 	0.0001 	0.0000	0.0001	+0.0000	+0.0000	+0.0000	+0.0000	+0.0000	+0.0000	+0.0000	    	0.00
4	0.0004 	0.0001 	0.0000	0.0001	+0.0000	+0.0000	+0.0000	+0.0000	+0.0000	+0.0000	+0.0000	    	0.00
5	0.0023 	0.0003 	0.0001	0.0003	+0.0000	+0.0000	-0.0001	+0.0000	-0.0001	-0.0001	+0.0000	    	0.47
6	0.0023 	0.0002 	0.0002	0.0003	-0.0001	+0.0000	-0.0001	+0.0000	+0.0000	+0.0000	+0.0002	    	1.22
7	0.0058 	0.0005 	0.0003	0.0006	-0.0002	-0.0001	-0.0001	-0.0001	-0.0002	-0.0002	+0.0000	    	0.60
8	0.5396 	0.0015 	0.0031	0.0034	-0.0024	-0.0022	+0.0003	-0.0002	-0.0004	-0.0019	+0.0000	    	2.05
9	0.5402 	0.0026 	0.0042	0.0049	-0.0008	+0.0006	+0.0022	+0.0003	+0.0002	+0.0028	+0.0020	    	1.60
10	0.5245 	0.0015 	0.0012	0.0019	+0.0010	+0.0005	+0.0000	+0.0002	-0.0005	+0.0003	-0.0004	    	0.80
11	0.5218 	0.0028 	0.0053	0.0060	-0.0018	-0.0004	-0.0045	-0.0002	+0.0002	+0.0003	-0.0022	    	1.90
12	0.9633 	0.0005 	0.0005	0.0007	-0.0004	-0.0002	-0.0003	+0.0000	+0.0001	-0.0001	+0.0000	    	1.02
13	0.9866 	0.0005 	0.0002	0.0006	+0.0001	+0.0001	+0.0002	+0.0000	+0.0001	+0.0001	+0.0000	    	0.49
14	0.9628 	0.0005 	0.0002	0.0006	+0.0002	-0.0002	+0.0001	+0.0000	+0.0000	+0.0000	-0.0001	    	0.49
15	0.9445 	0.0012 	0.0005	0.0013	+0.0001	+0.0001	-0.0002	+0.0000	-0.0001	+0.0000	+0.0004	    	0.39
16	0.9636 	0.0002 	0.0002	0.0003	+0.0002	+0.0000	+0.0000	-0.0001	+0.0000	-0.0001	+0.0000	    	1.22
17	0.9880 	0.0002 	0.0002	0.0003	+0.0001	+0.0000	+0.0001	+0.0001	+0.0001	+0.0001	+0.0000	    	0.87
18	0.9654 	0.0003 	0.0003	0.0004	-0.0001	+0.0000	-0.0002	+0.0000	+0.0000	+0.0000	-0.0002	    	1.00
19	0.9530 	0.0006 	0.0007	0.0009	-0.0002	-0.0004	-0.0005	+0.0000	-0.0001	-0.0002	+0.0000	    	1.12
20	0.9648 	0.0001 	0.0002	0.0002	+0.0002	+0.0000	+0.0000	+0.0000	-0.0001	-0.0001	+0.0000	    	2.24
21	0.9885 	0.0002 	0.0002	0.0003	+0.0000	+0.0000	+0.0002	+0.0000	+0.0000	+0.0000	+0.0000	    	1.00
22	0.9662 	0.0002 	0.0003	0.0004	+0.0000	-0.0001	-0.0003	+0.0000	+0.0000	-0.0001	+0.0000	    	1.66
23	0.9591 	0.0004 	0.0002	0.0004	-0.0001	+0.0000	-0.0001	+0.0000	+0.0001	+0.0000	+0.0000	    	0.43
24	0.9643 	0.0001 	0.0001	0.0001	+0.0000	+0.0000	-0.0001	+0.0000	+0.0000	+0.0000	+0.0000	    	1.00
25	0.9885 	0.0000 	0.0001	0.0001	+0.0001	+0.0000	+0.0000	+0.0000	+0.0000	+0.0000	+0.0000	    
26	0.9674 	0.0001 	0.0005	0.0005	+0.0002	+0.0003	+0.0002	+0.0001	+0.0002	+0.0000	+0.0002	    	4.58
27	0.9612 	0.0002 	0.0006	0.0006	-0.0002	-0.0003	+0.0000	+0.0000	+0.0000	-0.0001	-0.0005	    	2.96
28	0.9631 	0.0001 	0.0000	0.0001	+0.0000	+0.0000	+0.0000	+0.0000	+0.0000	+0.0000	+0.0000	    	0.00
29	0.9886 	0.0001 	0.0001	0.0001	+0.0000	+0.0000	+0.0000	+0.0000	+0.0000	+0.0000	+0.0001	    	1.00
30	0.9682 	0.0001 	0.0001	0.0001	+0.0000	+0.0000	+0.0000	+0.0000	+0.0000	+0.0000	+0.0001	    	1.00
31	0.9625 	0.0002 	0.0001	0.0002	+0.0000	+0.0000	-0.0001	+0.0000	+0.0001	+0.0000	+0.0000	    	0.71
32	0.9614 	0.0001 	0.0002	0.0002	+0.0001	+0.0001	+0.0001	+0.0001	+0.0001	+0.0001	+0.0001	    	2.00
33	0.9882 	0.0001 	0.0001	0.0002	+0.0000	+0.0001	+0.0001	+0.0000	+0.0000	+0.0000	+0.0000	    	1.41
34	0.9686 	0.0001 	0.0001	0.0001	+0.0001	+0.0001	+0.0000	+0.0000	+0.0000	+0.0000	+0.0000	    	1.00
35	0.9618 	0.0003 	0.0001	0.0003	-0.0001	+0.0001	+0.0000	+0.0000	+0.0000	-0.0001	+0.0000	    	0.47
36	0.9556 	0.0006 	0.0008	0.0010	+0.0000	+0.0002	+0.0008	+0.0001	+0.0000	-0.0001	+0.0000	    	1.38
37	0.9857 	0.0007 	0.0002	0.0007	+0.0002	+0.0001	-0.0001	+0.0001	+0.0000	-0.0001	+0.0000	    	0.35
38	0.9684 	0.0007 	0.0002	0.0007	+0.0002	+0.0002	-0.0001	+0.0000	+0.0000	+0.0001	+0.0000	    	0.35
39	0.9612 	0.0022 	0.0022	0.0031	-0.0004	+0.0007	-0.0009	+0.0000	+0.0007	+0.0002	+0.0017	    	0.98
Average	error:	0.000507 (stat)	0.000600 (syst)	0.000816 (total)

TnP Configurations 
Event Selection(Data) : ( (probe_isMedium && probe_miniIso_rhoAll < 0.1 && probe_iso03_sumPt/probe_pt < 0.4 && ( (probe_3DIPerrVTX > 0 && probe_3DIPVTX/probe_3DIPerrVTX < 3) || probe_3DIPerrVTX == 0) ) && tag_isTight && tag_HLT_IsoMu24_v==1 && tag_pt > 26 && fabs(tag_eta) < 2.4 && (tag_pfIso04_charged + max(0, tag_pfIso04_neutral+tag_pfIso04_photon-(0.5*tag_pfIso04_sumPU)))/tag_pt < 0.15 && 60 < pair_mass && pair_mass < 140 && pair_dR > 0.3) 
Event Selection(MC) : ( (probe_isMedium && probe_miniIso_rhoAll < 0.1 && probe_iso03_sumPt/probe_pt < 0.4 && ( (probe_3DIPerrVTX > 0 && probe_3DIPVTX/probe_3DIPerrVTX < 3) || probe_3DIPerrVTX == 0) ) && tag_isTight && tag_HLT_IsoMu24_v==1 && tag_pt > 26 && fabs(tag_eta) < 2.4 && (tag_pfIso04_charged + max(0, tag_pfIso04_neutral+tag_pfIso04_photon-(0.5*tag_pfIso04_sumPU)))/tag_pt < 0.15 && 60 < pair_mass && pair_mass < 140 && pair_dR > 0.3) 
Passing Probe Condtion : (probe_isMedium && probe_miniIso_rhoAll < 0.1 && probe_iso03_sumPt/probe_pt < 0.4 && ( (probe_3DIPerrVTX > 0 && probe_3DIPVTX/probe_3DIPerrVTX < 3) || probe_3DIPerrVTX == 0) ) && ( (probe_hltL3fL1sDoubleMu114L1f0L2f10OneMuL3Filtered17_dr<0.3 && probe_hltDiMuonGlb17Glb8RelTrkIsoFiltered0p4_dr<0.3) || (probe_hltL3fL1sDoubleMu114L1f0L2f10L3Filtered17_dr<0.3 && probe_hltDiMuonGlb17Trk8RelTrkIsoFiltered0p4_dr<0.3) || (probe_hltL3fL1sDoubleMu114TkFiltered17Q_dr<0.3 && probe_hltDiMuonTrk17Trk8RelTrkIsoFiltered0p4_dr<0.3) ) 
Input file(Data) : ['/gv0/Users/choij/TnPTrees/v220707/muon/Run2016_UL/SingleMuon_2016b.root'] 
Input file(MC) : ['/gv0/Users/choij/TnPTrees/v220707/muon/Run2016_UL/DYJetsToMuMu_M-50_TuneCP5_13TeV-powhegMiNNLO-pythia8-photos.root'] 
Binnings : [{'var': 'fabs(probe_eta)', 'type': 'float', 'bins': [0.0, 0.9, 1.2, 2.1, 2.4], 'title': '|#eta_{SC}|'}, {'var': 'probe_pt', 'type': 'float', 'bins': [10.0, 14.0, 16.0, 18.0, 20.0, 25.0, 30.0, 40.0, 50.0, 100.0, 200.0], 'title': 'p_{T}'}] 
