ibin	Central	Staterr	Systerr	Totalerr  [MassRange]	[MassBin]	[TagIso]	[AltSig]   Syst/Stat
0	0.0001 	0.0001 	0.0000	0.0001	+0.0000	+0.0000	+0.0000	+0.0000	+0.0000	+0.0000	+0.0000	    	0.00
1	0.0006 	0.0002 	0.0001	0.0002	+0.0000	+0.0001	+0.0000	+0.0000	+0.0000	+0.0000	+0.0000	    	0.50
2	0.0004 	0.0001 	0.0002	0.0002	+0.0001	+0.0001	+0.0000	+0.0000	+0.0001	+0.0000	+0.0001	    	1.73
3	0.0008 	0.0002 	0.0003	0.0003	-0.0001	-0.0001	-0.0002	+0.0000	-0.0001	+0.0000	+0.0001	    	1.32
4	0.0005 	0.0001 	0.0000	0.0001	+0.0000	+0.0000	+0.0000	+0.0000	+0.0000	+0.0000	+0.0000	    	0.00
5	0.0024 	0.0005 	0.0003	0.0006	+0.0000	+0.0001	-0.0003	-0.0001	+0.0000	+0.0000	+0.0000	    	0.63
6	0.0021 	0.0003 	0.0006	0.0007	-0.0003	+0.0001	-0.0001	-0.0001	-0.0001	-0.0001	+0.0005	    	2.00
7	0.0042 	0.0007 	0.0007	0.0010	+0.0002	+0.0000	-0.0001	+0.0000	-0.0001	+0.0000	+0.0007	    	1.06
8	0.5156 	0.0024 	0.0026	0.0036	-0.0026	-0.0004	+0.0001	+0.0000	-0.0004	-0.0001	+0.0002	    	1.10
9	0.5175 	0.0042 	0.0012	0.0044	-0.0008	+0.0006	+0.0000	+0.0000	+0.0003	+0.0002	-0.0009	    	0.30
10	0.4944 	0.0025 	0.0012	0.0028	-0.0010	-0.0012	-0.0003	+0.0000	-0.0001	+0.0000	+0.0000	    	0.50
11	0.4538 	0.0046 	0.0066	0.0081	+0.0016	+0.0010	+0.0001	-0.0017	+0.0062	+0.0045	+0.0003	    	1.44
12	0.9367 	0.0010 	0.0011	0.0015	-0.0001	+0.0002	-0.0001	+0.0000	+0.0002	+0.0011	+0.0000	    	1.12
13	0.9625 	0.0013 	0.0014	0.0019	+0.0000	+0.0003	+0.0002	-0.0001	-0.0014	+0.0000	+0.0000	    	1.11
14	0.9429 	0.0010 	0.0014	0.0017	+0.0004	-0.0006	+0.0003	+0.0000	-0.0009	-0.0012	+0.0000	    	1.37
15	0.8778 	0.0027 	0.0020	0.0033	-0.0003	-0.0011	-0.0015	+0.0001	+0.0003	+0.0006	-0.0003	    	0.73
16	0.9388 	0.0005 	0.0003	0.0006	-0.0002	-0.0001	-0.0002	+0.0000	+0.0000	+0.0000	+0.0000	    	0.57
17	0.9685 	0.0006 	0.0008	0.0010	+0.0005	-0.0001	+0.0001	+0.0001	-0.0006	+0.0001	-0.0001	    	1.32
18	0.9502 	0.0005 	0.0007	0.0009	+0.0002	+0.0002	+0.0000	+0.0000	+0.0003	+0.0001	+0.0006	    	1.40
19	0.9073 	0.0012 	0.0011	0.0016	+0.0005	-0.0005	-0.0009	+0.0000	+0.0000	-0.0003	+0.0000	    	0.89
20	0.9394 	0.0003 	0.0002	0.0004	+0.0000	+0.0002	-0.0001	+0.0000	+0.0001	+0.0000	+0.0000	    	0.82
21	0.9696 	0.0005 	0.0005	0.0007	+0.0002	+0.0000	+0.0002	+0.0000	+0.0002	+0.0000	-0.0003	    	0.92
22	0.9541 	0.0003 	0.0003	0.0004	+0.0002	-0.0001	-0.0001	-0.0001	+0.0000	-0.0001	-0.0001	    	0.88
23	0.9209 	0.0008 	0.0007	0.0011	-0.0007	-0.0001	+0.0002	+0.0000	-0.0001	-0.0001	+0.0001	    	0.93
24	0.9396 	0.0001 	0.0003	0.0004	+0.0002	+0.0002	+0.0000	+0.0000	+0.0002	+0.0000	+0.0002	    	3.46
25	0.9693 	0.0002 	0.0004	0.0004	+0.0001	+0.0002	+0.0001	+0.0000	+0.0002	+0.0001	+0.0002	    	1.80
26	0.9559 	0.0002 	0.0005	0.0005	+0.0002	+0.0002	+0.0002	+0.0002	+0.0002	+0.0001	+0.0003	    	2.29
27	0.9311 	0.0004 	0.0008	0.0009	-0.0003	-0.0003	-0.0005	-0.0005	-0.0004	+0.0000	-0.0003	    	1.92
28	0.9388 	0.0001 	0.0001	0.0001	+0.0001	+0.0000	+0.0000	+0.0000	+0.0000	+0.0000	+0.0000	    	1.00
29	0.9688 	0.0002 	0.0001	0.0002	+0.0001	+0.0000	+0.0000	+0.0000	+0.0000	-0.0001	+0.0000	    	0.71
30	0.9564 	0.0001 	0.0001	0.0001	+0.0000	+0.0000	+0.0000	+0.0000	-0.0001	+0.0000	+0.0000	    	1.00
31	0.9358 	0.0004 	0.0002	0.0005	+0.0002	+0.0001	+0.0000	+0.0000	+0.0001	+0.0000	+0.0000	    	0.56
32	0.9363 	0.0003 	0.0001	0.0003	+0.0000	+0.0000	+0.0000	-0.0001	-0.0001	+0.0000	+0.0000	    	0.47
33	0.9688 	0.0003 	0.0001	0.0003	+0.0001	+0.0001	+0.0001	+0.0000	+0.0000	+0.0000	+0.0000	    	0.47
34	0.9518 	0.0002 	0.0001	0.0002	+0.0001	+0.0001	+0.0000	+0.0000	+0.0000	+0.0000	+0.0001	    	0.71
35	0.9383 	0.0006 	0.0002	0.0006	+0.0000	+0.0000	+0.0000	-0.0001	-0.0001	-0.0001	+0.0001	    	0.29
36	0.9250 	0.0014 	0.0012	0.0019	+0.0000	-0.0005	+0.0011	+0.0000	-0.0003	-0.0003	+0.0000	    	0.89
37	0.9628 	0.0017 	0.0005	0.0018	-0.0003	-0.0001	-0.0003	+0.0000	+0.0000	+0.0002	+0.0000	    	0.28
38	0.9318 	0.0017 	0.0006	0.0018	-0.0005	+0.0002	-0.0001	+0.0000	+0.0002	-0.0001	-0.0001	    	0.33
39	0.9349 	0.0045 	0.0050	0.0067	+0.0007	+0.0033	-0.0013	+0.0003	+0.0005	+0.0000	+0.0035	    	1.11
Average	error:	0.000975 (stat)	0.000870 (syst)	0.001349 (total)

TnP Configurations 
Event Selection(Data) : ( (probe_isMedium && probe_miniIso_rhoAll < 0.1 && probe_iso03_sumPt/probe_pt < 0.4 && ( (probe_3DIPerrVTX > 0 && probe_3DIPVTX/probe_3DIPerrVTX < 3) || probe_3DIPerrVTX == 0) ) && tag_isTight && tag_HLT_IsoMu24_v==1 && tag_pt > 26 && fabs(tag_eta) < 2.4 && (tag_pfIso04_charged + max(0, tag_pfIso04_neutral+tag_pfIso04_photon-(0.5*tag_pfIso04_sumPU)))/tag_pt < 0.15 && 60 < pair_mass && pair_mass < 140 && pair_dR > 0.3) 
Event Selection(MC) : ( (probe_isMedium && probe_miniIso_rhoAll < 0.1 && probe_iso03_sumPt/probe_pt < 0.4 && ( (probe_3DIPerrVTX > 0 && probe_3DIPVTX/probe_3DIPerrVTX < 3) || probe_3DIPerrVTX == 0) ) && tag_isTight && tag_HLT_IsoMu24_v==1 && tag_pt > 26 && fabs(tag_eta) < 2.4 && (tag_pfIso04_charged + max(0, tag_pfIso04_neutral+tag_pfIso04_photon-(0.5*tag_pfIso04_sumPU)))/tag_pt < 0.15 && 60 < pair_mass && pair_mass < 140 && pair_dR > 0.3) 
Passing Probe Condtion : (probe_isMedium && probe_miniIso_rhoAll < 0.1 && probe_iso03_sumPt/probe_pt < 0.4 && ( (probe_3DIPerrVTX > 0 && probe_3DIPVTX/probe_3DIPerrVTX < 3) || probe_3DIPerrVTX == 0) ) && ( (probe_hltL3fL1sDoubleMu114L1f0L2f10OneMuL3Filtered17_dr<0.3 && probe_hltDiMuonGlb17Glb8RelTrkIsoFiltered0p4_dr<0.3) || (probe_hltL3fL1sDoubleMu114L1f0L2f10L3Filtered17_dr<0.3 && probe_hltDiMuonGlb17Trk8RelTrkIsoFiltered0p4_dr<0.3) || (probe_hltL3fL1sDoubleMu114TkFiltered17Q_dr<0.3 && probe_hltDiMuonTrk17Trk8RelTrkIsoFiltered0p4_dr<0.3) ) 
Input file(Data) : ['/gv0/Users/choij/TnPTrees/v220707/muon/Run2016_UL/SingleMuon_2016b.root'] 
Input file(MC) : ['/gv0/Users/choij/TnPTrees/v220707/muon/Run2016_UL/DYJetsToMuMu_M-50_TuneCP5_13TeV-powhegMiNNLO-pythia8-photos.root'] 
Binnings : [{'var': 'fabs(probe_eta)', 'type': 'float', 'bins': [0.0, 0.9, 1.2, 2.1, 2.4], 'title': '|#eta_{SC}|'}, {'var': 'probe_pt', 'type': 'float', 'bins': [10.0, 14.0, 16.0, 18.0, 20.0, 25.0, 30.0, 40.0, 50.0, 100.0, 200.0], 'title': 'p_{T}'}] 
