ibin	Central	Staterr	Systerr	Totalerr  [MassRange]	[MassBin]	[TagIso]	[AltSig]   Syst/Stat
0	0.8036 	0.0015 	0.0177	0.0178	+0.0096	-0.0175	-0.0019	-0.0005	-0.0014	-0.0002	-0.0017	    	11.83
1	0.8112 	0.0031 	0.0128	0.0131	+0.0111	-0.0064	+0.0006	+0.0032	+0.0038	-0.0003	+0.0039	    	4.12
2	0.8182 	0.0015 	0.0105	0.0106	+0.0015	-0.0044	+0.0009	-0.0002	+0.0003	-0.0002	-0.0095	    	7.01
3	0.7605 	0.0030 	0.0164	0.0166	-0.0007	-0.0032	-0.0013	+0.0003	-0.0031	+0.0008	-0.0157	    	5.46
4	0.8365 	0.0012 	0.0223	0.0224	+0.0164	-0.0223	+0.0001	-0.0001	-0.0005	+0.0001	-0.0010	    	18.61
5	0.8439 	0.0015 	0.0169	0.0170	+0.0128	-0.0169	+0.0006	-0.0007	-0.0002	+0.0001	+0.0006	    	11.28
6	0.8420 	0.0011 	0.0106	0.0106	+0.0063	-0.0099	+0.0007	-0.0002	-0.0001	+0.0000	-0.0037	    	9.63
7	0.7806 	0.0013 	0.0077	0.0078	+0.0056	-0.0060	+0.0022	-0.0009	+0.0009	-0.0010	-0.0042	    	5.93
8	0.8574 	0.0008 	0.0193	0.0193	+0.0165	-0.0193	-0.0007	-0.0001	-0.0002	-0.0002	+0.0000	    	24.14
9	0.8606 	0.0008 	0.0185	0.0185	+0.0162	-0.0184	+0.0001	-0.0005	-0.0017	-0.0006	+0.0004	    	23.11
10	0.8548 	0.0008 	0.0126	0.0126	+0.0098	-0.0125	+0.0011	-0.0002	+0.0000	-0.0003	+0.0001	    	15.69
11	0.7927 	0.0014 	0.0066	0.0068	+0.0066	-0.0063	+0.0003	+0.0001	+0.0002	-0.0001	+0.0001	    	4.72
12	0.8874 	0.0004 	0.0108	0.0108	+0.0108	-0.0034	-0.0006	+0.0000	+0.0003	-0.0001	+0.0002	    	27.06
13	0.8789 	0.0005 	0.0114	0.0114	+0.0114	-0.0048	-0.0003	+0.0000	-0.0001	-0.0001	+0.0003	    	22.82
14	0.8757 	0.0002 	0.0095	0.0095	+0.0095	-0.0049	-0.0005	-0.0001	+0.0001	+0.0000	-0.0001	    	47.57
15	0.8167 	0.0006 	0.0060	0.0060	+0.0060	-0.0025	+0.0002	-0.0001	+0.0000	-0.0001	-0.0002	    	10.01
16	0.9343 	0.0001 	0.0011	0.0012	+0.0011	-0.0005	+0.0001	+0.0001	+0.0003	+0.0000	+0.0001	    	11.49
17	0.9239 	0.0004 	0.0012	0.0013	+0.0011	-0.0004	+0.0001	-0.0001	+0.0002	-0.0001	+0.0004	    	2.98
18	0.9092 	0.0001 	0.0015	0.0015	+0.0014	-0.0004	+0.0000	+0.0000	+0.0000	+0.0000	+0.0005	    	14.87
19	0.8473 	0.0006 	0.0011	0.0013	+0.0007	+0.0002	+0.0004	+0.0001	+0.0007	+0.0007	-0.0003	    	1.85
20	0.9583 	0.0001 	0.0005	0.0005	-0.0003	-0.0001	-0.0002	-0.0002	+0.0001	-0.0002	-0.0002	    	4.58
21	0.9524 	0.0002 	0.0004	0.0004	+0.0002	+0.0001	+0.0000	+0.0000	+0.0003	+0.0000	+0.0001	    	1.87
22	0.9339 	0.0001 	0.0003	0.0003	+0.0001	+0.0000	+0.0001	+0.0000	+0.0002	-0.0001	+0.0001	    	2.65
23	0.8690 	0.0004 	0.0002	0.0005	-0.0001	+0.0002	+0.0000	+0.0000	+0.0001	+0.0000	+0.0001	    	0.61
24	0.9623 	0.0002 	0.0004	0.0005	-0.0001	+0.0004	+0.0000	+0.0000	+0.0002	-0.0001	+0.0000	    	2.24
25	0.9559 	0.0004 	0.0011	0.0011	-0.0003	+0.0003	+0.0003	-0.0001	+0.0004	-0.0002	-0.0009	    	2.68
26	0.9393 	0.0004 	0.0004	0.0006	-0.0002	+0.0003	+0.0002	+0.0000	+0.0002	+0.0000	+0.0000	    	1.03
27	0.8788 	0.0009 	0.0029	0.0030	-0.0002	+0.0029	+0.0001	+0.0000	+0.0000	-0.0001	-0.0001	    	3.23
28	0.9637 	0.0005 	0.0016	0.0017	-0.0010	+0.0006	+0.0002	-0.0006	+0.0001	-0.0001	-0.0011	    	3.21
29	0.9557 	0.0011 	0.0017	0.0020	-0.0009	+0.0005	-0.0008	-0.0001	-0.0007	+0.0000	-0.0010	    	1.56
30	0.9391 	0.0005 	0.0006	0.0008	+0.0001	+0.0006	+0.0001	+0.0000	-0.0002	+0.0000	+0.0000	    	1.28
31	0.8871 	0.0016 	0.0088	0.0089	-0.0017	-0.0046	+0.0019	-0.0046	-0.0041	-0.0002	-0.0042	    	5.48
32	0.9608 	0.0027 	0.0052	0.0058	+0.0019	-0.0001	+0.0007	+0.0002	-0.0020	+0.0000	-0.0043	    	1.91
33	0.9510 	0.0056 	0.0069	0.0089	+0.0032	+0.0003	+0.0035	-0.0001	+0.0010	+0.0012	-0.0048	    	1.22
34	0.9374 	0.0039 	0.0025	0.0046	+0.0009	+0.0001	+0.0002	-0.0004	+0.0023	-0.0002	+0.0000	    	0.64
35	0.8817 	0.0155 	0.0372	0.0403	+0.0352	-0.0013	-0.0034	-0.0004	-0.0057	-0.0009	+0.0100	    	2.40
Average	error:	0.001528 (stat)	0.007923 (syst)	0.008225 (total)

TnP Configurations 
Event Selection(Data) : (probe_isTracker && tag_HLT_IsoMu27_v==1 && tag_pt > 29 && fabs(tag_eta) < 2.4 && (tag_pfIso04_charged + max(0, tag_pfIso04_neutral+tag_pfIso04_photon-(0.5*tag_pfIso04_sumPU)))/tag_pt < 0.2 && tag_isTight && 60 < pair_mass && pair_mass < 140 && pair_dR > 0.3 && pair_probeMultiplicity == 1) 
Event Selection(MC) : (probe_isTracker && tag_HLT_IsoMu27_v==1 && tag_pt > 29 && fabs(tag_eta) < 2.4 && (tag_pfIso04_charged + max(0, tag_pfIso04_neutral+tag_pfIso04_photon-(0.5*tag_pfIso04_sumPU)))/tag_pt < 0.2 && tag_isTight && 60 < pair_mass && pair_mass < 140 && pair_dR > 0.3 && pair_probeMultiplicity == 1)*(genWeight) 
Passing Probe Condtion : probe_isMedium && probe_miniIso_rhoAll < 0.1 && probe_iso03_sumPt/probe_pt < 0.4 && ( (probe_3DIPerrVTX>0 && probe_3DIPVTX/probe_3DIPerrVTX<3) || probe_3DIPerrVTX==0) && abs(probe_dz) < 0.1 
Input file(Data) : ['/gv0/Users/choij/TnPTrees/v220707/muon/Run2017_UL/SingleMuon_2017.root'] 
Input file(MC) : ['/gv0/Users/choij/TnPTrees/v220707/muon/Run2017_UL/DYJetsToLL_M-50_TuneCP5_13TeV-madgraphMLM-pythia8.root'] 
Binnings : [{'var': 'fabs(probe_eta)', 'type': 'float', 'bins': [0.0, 0.9, 1.2, 2.1, 2.4], 'title': '|#eta_{SC}|'}, {'var': 'probe_pt', 'type': 'float', 'bins': [10.0, 15.0, 20.0, 25.0, 30.0, 40.0, 50.0, 60.0, 120.0, 200.0], 'title': 'p_{T}'}] 
