ibin	Central	Staterr	Systerr	Totalerr  [MassRange]	[MassBin]	[TagIso]	[AltSig]   Syst/Stat
0	0.8177 	0.0031 	0.0147	0.0151	+0.0104	-0.0147	-0.0011	-0.0002	-0.0004	+0.0001	+0.0000	    	4.76
1	0.8175 	0.0041 	0.0086	0.0095	+0.0077	-0.0085	+0.0010	-0.0001	+0.0005	+0.0000	+0.0000	    	2.09
2	0.8089 	0.0022 	0.0061	0.0065	+0.0045	-0.0059	+0.0006	+0.0000	+0.0003	+0.0001	-0.0016	    	2.80
3	0.7540 	0.0040 	0.0034	0.0052	+0.0032	-0.0032	-0.0009	-0.0002	+0.0005	+0.0004	+0.0001	    	0.84
4	0.8520 	0.0017 	0.0285	0.0286	+0.0145	-0.0279	+0.0003	+0.0000	-0.0001	-0.0001	-0.0060	    	16.79
5	0.8511 	0.0028 	0.0139	0.0142	+0.0137	-0.0139	+0.0006	-0.0001	+0.0000	-0.0002	-0.0006	    	4.97
6	0.8399 	0.0015 	0.0109	0.0110	+0.0079	-0.0109	+0.0005	-0.0001	+0.0004	-0.0003	-0.0003	    	7.28
7	0.7773 	0.0029 	0.0073	0.0078	+0.0052	-0.0068	+0.0020	+0.0000	+0.0007	-0.0002	-0.0014	    	2.50
8	0.8754 	0.0010 	0.0173	0.0174	+0.0147	-0.0173	-0.0005	+0.0001	+0.0000	+0.0000	-0.0007	    	17.32
9	0.8673 	0.0020 	0.0165	0.0167	+0.0152	-0.0165	+0.0005	-0.0004	-0.0009	-0.0002	+0.0001	    	8.27
10	0.8587 	0.0011 	0.0126	0.0126	+0.0109	-0.0125	+0.0011	-0.0002	+0.0001	-0.0003	-0.0002	    	11.41
11	0.7981 	0.0020 	0.0073	0.0076	+0.0070	-0.0073	+0.0000	+0.0001	+0.0003	-0.0001	-0.0005	    	3.66
12	0.9010 	0.0006 	0.0110	0.0110	+0.0110	-0.0051	-0.0001	+0.0000	-0.0002	+0.0000	-0.0002	    	18.34
13	0.8855 	0.0012 	0.0128	0.0129	+0.0128	-0.0058	-0.0001	+0.0000	-0.0006	+0.0001	+0.0000	    	10.68
14	0.8809 	0.0007 	0.0093	0.0093	+0.0093	-0.0039	-0.0004	+0.0000	+0.0002	+0.0000	-0.0004	    	13.31
15	0.8242 	0.0010 	0.0056	0.0057	+0.0056	-0.0018	+0.0002	-0.0001	+0.0005	+0.0001	+0.0000	    	5.63
16	0.9436 	0.0007 	0.0014	0.0016	+0.0008	-0.0009	-0.0007	-0.0007	-0.0005	-0.0008	-0.0003	    	2.04
17	0.9296 	0.0006 	0.0010	0.0012	+0.0010	-0.0009	+0.0001	-0.0001	+0.0001	-0.0002	-0.0002	    	1.74
18	0.9152 	0.0003 	0.0009	0.0009	+0.0007	-0.0007	+0.0001	+0.0000	+0.0002	+0.0000	-0.0005	    	2.96
19	0.8568 	0.0007 	0.0012	0.0014	+0.0000	-0.0008	-0.0002	+0.0000	+0.0002	-0.0001	-0.0008	    	1.67
20	0.9657 	0.0001 	0.0003	0.0003	+0.0001	+0.0000	+0.0000	+0.0000	+0.0003	-0.0001	+0.0000	    	3.16
21	0.9577 	0.0003 	0.0004	0.0005	+0.0002	-0.0001	+0.0000	+0.0000	+0.0003	-0.0001	+0.0000	    	1.20
22	0.9370 	0.0002 	0.0004	0.0004	+0.0002	+0.0000	+0.0001	+0.0000	+0.0003	-0.0001	+0.0000	    	1.87
23	0.8778 	0.0005 	0.0005	0.0007	+0.0003	+0.0000	+0.0001	+0.0000	+0.0004	+0.0001	+0.0000	    	1.02
24	0.9695 	0.0002 	0.0003	0.0003	-0.0001	+0.0000	-0.0001	+0.0000	+0.0002	-0.0001	-0.0001	    	1.32
25	0.9600 	0.0005 	0.0005	0.0007	+0.0001	+0.0000	+0.0003	-0.0001	+0.0003	-0.0001	-0.0002	    	0.96
26	0.9415 	0.0004 	0.0003	0.0005	+0.0002	+0.0001	+0.0002	+0.0000	+0.0002	-0.0001	+0.0000	    	0.87
27	0.8825 	0.0012 	0.0006	0.0014	+0.0000	+0.0004	+0.0004	+0.0000	+0.0003	-0.0001	+0.0000	    	0.53
28	0.9701 	0.0004 	0.0004	0.0006	-0.0002	-0.0001	+0.0002	+0.0000	+0.0003	+0.0000	+0.0000	    	1.03
29	0.9597 	0.0009 	0.0003	0.0010	+0.0000	+0.0003	+0.0000	+0.0000	-0.0001	-0.0001	+0.0000	    	0.35
30	0.9404 	0.0007 	0.0007	0.0010	+0.0000	+0.0006	+0.0002	+0.0000	+0.0003	+0.0000	+0.0000	    	1.00
31	0.8850 	0.0024 	0.0016	0.0029	-0.0003	+0.0003	+0.0015	+0.0000	+0.0005	-0.0001	+0.0000	    	0.67
32	0.9720 	0.0032 	0.0029	0.0043	+0.0022	+0.0002	+0.0018	+0.0010	-0.0001	+0.0006	+0.0000	    	0.91
33	0.9655 	0.0061 	0.0025	0.0066	-0.0008	+0.0006	+0.0020	-0.0006	+0.0006	-0.0001	-0.0011	    	0.41
34	0.9383 	0.0058 	0.0018	0.0061	-0.0007	+0.0006	+0.0010	-0.0002	-0.0012	-0.0013	+0.0000	    	0.31
35	0.9152 	0.0202 	0.0088	0.0220	+0.0011	+0.0017	-0.0012	+0.0004	+0.0045	+0.0012	+0.0073	    	0.44
Average	error:	0.002147 (stat)	0.005912 (syst)	0.006819 (total)

TnP Configurations 
Event Selection(Data) : (probe_isTracker && tag_HLT_IsoMu27_v==1 && tag_pt > 29 && fabs(tag_eta) < 2.4 && (tag_pfIso04_charged + max(0, tag_pfIso04_neutral+tag_pfIso04_photon-(0.5*tag_pfIso04_sumPU)))/tag_pt < 0.2 && tag_isTight && 60 < pair_mass && pair_mass < 140 && pair_dR > 0.3 && pair_probeMultiplicity == 1) 
Event Selection(MC) : (probe_isTracker && tag_HLT_IsoMu27_v==1 && tag_pt > 29 && fabs(tag_eta) < 2.4 && (tag_pfIso04_charged + max(0, tag_pfIso04_neutral+tag_pfIso04_photon-(0.5*tag_pfIso04_sumPU)))/tag_pt < 0.2 && tag_isTight && 60 < pair_mass && pair_mass < 140 && pair_dR > 0.3 && pair_probeMultiplicity == 1)*(genWeight) 
Passing Probe Condtion : probe_isMedium && probe_miniIso_rhoAll < 0.1 && probe_iso03_sumPt/probe_pt < 0.4 && ( (probe_3DIPerrVTX>0 && probe_3DIPVTX/probe_3DIPerrVTX<3) || probe_3DIPerrVTX==0) && abs(probe_dz) < 0.1 
Input file(Data) : ['/gv0/Users/choij/TnPTrees/v220707/muon/Run2017_UL/SingleMuon_2017.root'] 
Input file(MC) : ['/gv0/Users/choij/TnPTrees/v220707/muon/Run2017_UL/DYJetsToLL_M-50_TuneCP5_13TeV-madgraphMLM-pythia8.root'] 
Binnings : [{'var': 'fabs(probe_eta)', 'type': 'float', 'bins': [0.0, 0.9, 1.2, 2.1, 2.4], 'title': '|#eta_{SC}|'}, {'var': 'probe_pt', 'type': 'float', 'bins': [10.0, 15.0, 20.0, 25.0, 30.0, 40.0, 50.0, 60.0, 120.0, 200.0], 'title': 'p_{T}'}] 
