ibin	Central	Staterr	Systerr	Totalerr  [MassRange]	[MassBin]	[TagIso]	[AltSig]   Syst/Stat
0	0.0000 	0.0000 	0.0000	0.0000	+0.0000	+0.0000	+0.0000	+0.0000	+0.0000	+0.0000	+0.0000	    
1	0.0003 	0.0001 	0.0000	0.0001	+0.0000	+0.0000	+0.0000	+0.0000	+0.0000	+0.0000	+0.0000	    	0.00
2	0.0002 	0.0000 	0.0001	0.0001	+0.0000	+0.0000	+0.0000	+0.0000	+0.0000	+0.0000	+0.0001	    
3	0.0006 	0.0001 	0.0000	0.0001	+0.0000	+0.0000	+0.0000	+0.0000	+0.0000	+0.0000	+0.0000	    	0.00
4	0.0001 	0.0000 	0.0000	0.0000	+0.0000	+0.0000	+0.0000	+0.0000	+0.0000	+0.0000	+0.0000	    
5	0.0010 	0.0002 	0.0002	0.0003	-0.0001	+0.0000	+0.0000	+0.0000	-0.0001	+0.0000	+0.0001	    	0.87
6	0.0024 	0.0002 	0.0003	0.0004	-0.0002	+0.0001	+0.0000	+0.0000	+0.0000	-0.0001	+0.0002	    	1.50
7	0.0035 	0.0003 	0.0003	0.0004	-0.0001	+0.0002	-0.0001	+0.0000	+0.0001	+0.0001	+0.0002	    	1.05
8	0.5025 	0.0013 	0.0010	0.0016	+0.0005	-0.0007	+0.0004	-0.0001	-0.0005	+0.0001	-0.0002	    	0.75
9	0.5097 	0.0021 	0.0089	0.0092	-0.0051	-0.0043	-0.0037	-0.0042	-0.0044	-0.0041	-0.0041	    	4.25
10	0.5043 	0.0013 	0.0067	0.0068	-0.0002	+0.0001	-0.0048	+0.0000	-0.0008	+0.0003	+0.0046	    	5.15
11	0.4861 	0.0025 	0.0041	0.0048	+0.0000	-0.0004	-0.0008	+0.0002	+0.0000	-0.0040	-0.0002	    	1.64
12	0.9355 	0.0005 	0.0002	0.0006	+0.0002	-0.0002	+0.0001	+0.0000	-0.0001	+0.0000	+0.0000	    	0.49
13	0.9493 	0.0008 	0.0015	0.0017	+0.0004	+0.0005	+0.0001	+0.0000	+0.0007	+0.0000	+0.0012	    	1.85
14	0.9515 	0.0005 	0.0008	0.0009	+0.0001	-0.0002	-0.0007	+0.0000	+0.0000	+0.0000	+0.0002	    	1.51
15	0.9299 	0.0011 	0.0007	0.0013	-0.0001	-0.0003	+0.0005	+0.0001	-0.0003	+0.0003	+0.0000	    	0.60
16	0.9375 	0.0002 	0.0001	0.0002	-0.0001	+0.0000	-0.0001	+0.0000	+0.0000	+0.0000	+0.0000	    	0.71
17	0.9508 	0.0004 	0.0018	0.0019	+0.0006	+0.0009	+0.0001	+0.0001	+0.0002	+0.0007	+0.0014	    	4.52
18	0.9574 	0.0002 	0.0002	0.0003	+0.0001	-0.0002	+0.0001	+0.0000	-0.0001	-0.0001	+0.0000	    	1.22
19	0.9404 	0.0005 	0.0002	0.0005	-0.0001	-0.0001	+0.0000	+0.0000	-0.0001	-0.0002	+0.0000	    	0.45
20	0.9382 	0.0002 	0.0001	0.0002	+0.0000	+0.0000	+0.0001	+0.0000	+0.0000	+0.0000	+0.0000	    	0.50
21	0.9519 	0.0003 	0.0004	0.0005	+0.0002	-0.0002	+0.0001	+0.0000	+0.0000	+0.0002	-0.0002	    	1.20
22	0.9585 	0.0002 	0.0001	0.0002	+0.0000	-0.0001	+0.0000	+0.0000	+0.0001	+0.0000	+0.0000	    	0.71
23	0.9429 	0.0004 	0.0005	0.0007	+0.0000	-0.0001	+0.0002	+0.0001	+0.0000	+0.0000	-0.0005	    	1.37
24	0.9372 	0.0001 	0.0006	0.0006	+0.0004	+0.0003	+0.0000	+0.0001	+0.0004	+0.0004	+0.0000	    	5.74
25	0.9518 	0.0001 	0.0007	0.0007	+0.0005	+0.0004	+0.0004	+0.0001	+0.0001	+0.0000	+0.0001	    	6.56
26	0.9597 	0.0001 	0.0004	0.0004	+0.0000	+0.0000	+0.0003	+0.0000	+0.0003	-0.0001	+0.0000	    	4.24
27	0.9439 	0.0002 	0.0011	0.0012	-0.0004	-0.0004	-0.0004	-0.0005	-0.0005	-0.0001	-0.0008	    	5.70
28	0.9356 	0.0001 	0.0000	0.0001	+0.0000	+0.0000	+0.0000	+0.0000	+0.0000	+0.0000	+0.0000	    	0.00
29	0.9514 	0.0001 	0.0001	0.0001	+0.0000	+0.0000	+0.0000	+0.0000	+0.0001	+0.0000	+0.0000	    	1.00
30	0.9612 	0.0001 	0.0002	0.0002	+0.0002	+0.0000	+0.0000	+0.0000	+0.0000	+0.0000	+0.0000	    	2.00
31	0.9437 	0.0002 	0.0002	0.0003	-0.0002	+0.0000	+0.0000	+0.0000	+0.0001	+0.0000	+0.0000	    	1.12
32	0.9325 	0.0001 	0.0001	0.0002	+0.0000	+0.0000	+0.0001	+0.0000	-0.0001	+0.0000	+0.0000	    	1.41
33	0.9484 	0.0002 	0.0002	0.0003	+0.0000	+0.0002	+0.0000	+0.0000	+0.0000	-0.0001	+0.0000	    	1.12
34	0.9617 	0.0001 	0.0001	0.0001	+0.0000	+0.0000	+0.0001	+0.0000	+0.0000	+0.0000	+0.0000	    	1.00
35	0.9417 	0.0003 	0.0002	0.0004	-0.0002	-0.0001	+0.0000	+0.0000	+0.0001	+0.0000	+0.0001	    	0.82
36	0.9229 	0.0007 	0.0004	0.0008	+0.0003	-0.0002	+0.0000	+0.0001	+0.0002	+0.0000	-0.0001	    	0.55
37	0.9354 	0.0013 	0.0016	0.0021	+0.0009	+0.0002	+0.0000	-0.0002	+0.0002	+0.0001	-0.0013	    	1.24
38	0.9594 	0.0007 	0.0007	0.0010	+0.0002	-0.0005	-0.0003	-0.0001	+0.0002	-0.0002	-0.0003	    	0.98
39	0.9317 	0.0022 	0.0036	0.0042	-0.0019	+0.0010	-0.0001	+0.0001	-0.0002	-0.0006	+0.0030	    	1.64
Average	error:	0.000500 (stat)	0.000965 (syst)	0.001137 (total)

TnP Configurations 
Event Selection(Data) : ( (probe_isMedium && probe_miniIso_rhoAll < 0.1 && probe_iso03_sumPt/probe_pt < 0.4 && ( (probe_3DIPerrVTX > 0 && probe_3DIPVTX/probe_3DIPerrVTX < 3) || probe_3DIPerrVTX == 0) ) && tag_isTight && tag_HLT_IsoMu24_v==1 && tag_pt > 26 && fabs(tag_eta) < 2.4 && (tag_pfIso04_charged + max(0, tag_pfIso04_neutral+tag_pfIso04_photon-(0.5*tag_pfIso04_sumPU)))/tag_pt < 0.15 && 60 < pair_mass && pair_mass < 140 && pair_dR > 0.3) 
Event Selection(MC) : ( (probe_isMedium && probe_miniIso_rhoAll < 0.1 && probe_iso03_sumPt/probe_pt < 0.4 && ( (probe_3DIPerrVTX > 0 && probe_3DIPVTX/probe_3DIPerrVTX < 3) || probe_3DIPerrVTX == 0) ) && tag_isTight && tag_HLT_IsoMu24_v==1 && tag_pt > 26 && fabs(tag_eta) < 2.4 && (tag_pfIso04_charged + max(0, tag_pfIso04_neutral+tag_pfIso04_photon-(0.5*tag_pfIso04_sumPU)))/tag_pt < 0.15 && 60 < pair_mass && pair_mass < 140 && pair_dR > 0.3)*(genWeight) 
Passing Probe Condtion : (probe_isMedium && probe_miniIso_rhoAll < 0.1 && probe_iso03_sumPt/probe_pt < 0.4 && ( (probe_3DIPerrVTX > 0 && probe_3DIPVTX/probe_3DIPerrVTX < 3) || probe_3DIPerrVTX == 0) ) && probe_hltL3fL1DoubleMu155fFiltered17_dr<0.3 && probe_hltDiMuon178RelTrkIsoFiltered0p4_dr<0.3 
Input file(Data) : ['/gv0/Users/choij/TnPTrees/v220707/muon/Run2018_UL/SingleMuon_2018.root'] 
Input file(MC) : ['/gv0/Users/choij/TnPTrees/v220707/muon/Run2018_UL/DYJetsToMuMu_M-50_massWgtFix_TuneCP5_13TeV-powhegMiNNLO-pythia8-photos.root'] 
Binnings : [{'var': 'fabs(probe_eta)', 'type': 'float', 'bins': [0.0, 0.9, 1.2, 2.1, 2.4], 'title': '|#eta_{SC}|'}, {'var': 'probe_pt', 'type': 'float', 'bins': [10.0, 14.0, 16.0, 18.0, 20.0, 25.0, 30.0, 40.0, 50.0, 100.0, 200.0], 'title': 'p_{T}'}] 
