ibin	Central	Staterr	Systerr	Totalerr  [MassRange]	[MassBin]	[TagIso]	[AltSig]   Syst/Stat
0	0.0000 	0.0000 	0.0000	0.0000	+0.0000	+0.0000	+0.0000	+0.0000	+0.0000	+0.0000	+0.0000	    
1	0.0000 	0.0000 	0.0000	0.0000	+0.0000	+0.0000	+0.0000	+0.0000	+0.0000	+0.0000	+0.0000	    
2	0.0000 	0.0000 	0.0000	0.0000	+0.0000	+0.0000	+0.0000	+0.0000	+0.0000	+0.0000	+0.0000	    
3	0.0001 	0.0000 	0.0002	0.0002	-0.0001	+0.0000	-0.0001	-0.0001	-0.0001	-0.0001	+0.0000	    
4	0.0001 	0.0000 	0.0000	0.0000	+0.0000	+0.0000	+0.0000	+0.0000	+0.0000	+0.0000	+0.0000	    
5	0.0007 	0.0000 	0.0002	0.0002	-0.0001	-0.0001	-0.0001	-0.0001	+0.0000	-0.0001	-0.0001	    
6	0.0017 	0.0000 	0.0004	0.0004	-0.0003	+0.0002	+0.0000	+0.0000	+0.0000	+0.0000	+0.0002	    
7	0.0013 	0.0000 	0.0001	0.0001	-0.0001	+0.0001	+0.0000	+0.0000	+0.0000	+0.0000	+0.0001	    
8	0.5150 	0.0000 	0.0006	0.0006	+0.0004	-0.0003	+0.0000	+0.0000	-0.0004	+0.0002	+0.0000	    
9	0.5230 	0.0000 	0.0034	0.0034	+0.0007	+0.0009	+0.0032	+0.0009	+0.0003	+0.0009	+0.0001	    
10	0.5134 	0.0000 	0.0033	0.0033	+0.0011	+0.0015	-0.0004	+0.0016	+0.0002	+0.0018	+0.0016	    
11	0.4913 	0.0000 	0.0018	0.0018	+0.0018	-0.0002	-0.0003	+0.0000	-0.0001	+0.0002	+0.0001	    
12	0.9568 	0.0000 	0.0003	0.0003	-0.0003	+0.0000	+0.0000	+0.0000	+0.0000	+0.0000	+0.0000	    
13	0.9815 	0.0000 	0.0004	0.0004	+0.0003	+0.0001	+0.0001	+0.0001	+0.0002	+0.0001	+0.0000	    
14	0.9667 	0.0000 	0.0005	0.0005	+0.0003	+0.0001	-0.0003	+0.0002	+0.0000	+0.0001	-0.0002	    
15	0.9285 	0.0000 	0.0010	0.0010	+0.0003	-0.0003	+0.0005	-0.0004	+0.0002	+0.0002	-0.0008	    
16	0.9577 	0.0000 	0.0002	0.0002	+0.0002	+0.0000	-0.0001	+0.0000	-0.0001	+0.0000	+0.0000	    
17	0.9817 	0.0000 	0.0002	0.0002	-0.0001	-0.0001	+0.0001	+0.0000	+0.0001	+0.0000	+0.0000	    
18	0.9686 	0.0000 	0.0001	0.0001	+0.0001	+0.0000	+0.0000	+0.0000	-0.0001	+0.0000	+0.0000	    
19	0.9328 	0.0000 	0.0007	0.0007	+0.0007	+0.0004	+0.0001	+0.0001	+0.0001	+0.0002	+0.0000	    
20	0.9582 	0.0000 	0.0000	0.0000	+0.0000	+0.0000	+0.0000	+0.0000	+0.0000	+0.0000	+0.0000	    
21	0.9819 	0.0000 	0.0001	0.0001	+0.0001	+0.0000	+0.0000	+0.0000	+0.0001	+0.0001	+0.0000	    
22	0.9691 	0.0000 	0.0003	0.0003	+0.0003	-0.0001	+0.0000	+0.0001	+0.0000	+0.0000	+0.0000	    
23	0.9353 	0.0000 	0.0006	0.0006	+0.0002	-0.0003	-0.0002	+0.0000	+0.0000	+0.0000	-0.0005	    
24	0.9578 	0.0000 	0.0001	0.0001	+0.0000	+0.0000	+0.0000	+0.0000	+0.0000	+0.0000	-0.0001	    
25	0.9817 	0.0000 	0.0001	0.0001	+0.0000	+0.0000	+0.0000	+0.0000	-0.0001	+0.0000	+0.0000	    
26	0.9699 	0.0000 	0.0002	0.0002	+0.0001	+0.0001	+0.0001	+0.0000	+0.0000	+0.0001	+0.0001	    
27	0.9349 	0.0000 	0.0009	0.0009	+0.0005	+0.0003	+0.0007	+0.0003	+0.0003	+0.0003	+0.0001	    
28	0.9567 	0.0000 	0.0000	0.0000	+0.0000	+0.0000	+0.0000	+0.0000	+0.0000	+0.0000	+0.0000	    
29	0.9814 	0.0000 	0.0002	0.0002	+0.0000	-0.0001	+0.0000	+0.0000	+0.0000	-0.0001	-0.0001	    
30	0.9708 	0.0000 	0.0000	0.0000	+0.0000	+0.0000	+0.0000	+0.0000	+0.0000	+0.0000	+0.0000	    
31	0.9351 	0.0000 	0.0001	0.0001	+0.0000	+0.0000	+0.0000	+0.0000	+0.0001	+0.0000	+0.0000	    
32	0.9548 	0.0000 	0.0001	0.0001	+0.0000	+0.0000	+0.0001	+0.0000	+0.0000	+0.0000	+0.0000	    
33	0.9801 	0.0000 	0.0002	0.0002	+0.0000	+0.0001	+0.0001	+0.0001	+0.0000	+0.0001	+0.0000	    
34	0.9710 	0.0000 	0.0001	0.0001	-0.0001	-0.0001	+0.0000	+0.0000	+0.0000	-0.0001	+0.0000	    
35	0.9344 	0.0000 	0.0002	0.0002	-0.0001	-0.0002	+0.0000	+0.0000	+0.0000	+0.0000	-0.0001	    
36	0.9489 	0.0000 	0.0002	0.0002	+0.0001	+0.0000	+0.0000	+0.0000	+0.0000	-0.0002	-0.0001	    
37	0.9752 	0.0000 	0.0001	0.0001	+0.0001	-0.0001	+0.0000	+0.0000	-0.0001	+0.0000	+0.0000	    
38	0.9707 	0.0000 	0.0002	0.0002	+0.0000	-0.0001	-0.0001	+0.0001	+0.0001	+0.0000	+0.0000	    
39	0.9295 	0.0000 	0.0026	0.0026	-0.0013	+0.0007	-0.0002	+0.0000	-0.0001	-0.0001	+0.0022	    
Average	error:	0.000000 (stat)	0.000497 (syst)	0.000497 (total)

TnP Configurations 
Event Selection(Data) : ( (probe_isMedium && probe_miniIso_rhoAll < 0.1 && probe_iso03_sumPt/probe_pt < 0.4 && ( (probe_3DIPerrVTX > 0 && probe_3DIPVTX/probe_3DIPerrVTX < 3) || probe_3DIPerrVTX == 0) ) && tag_isTight && tag_HLT_IsoMu24_v==1 && tag_pt > 26 && fabs(tag_eta) < 2.4 && (tag_pfIso04_charged + max(0, tag_pfIso04_neutral+tag_pfIso04_photon-(0.5*tag_pfIso04_sumPU)))/tag_pt < 0.15 && 60 < pair_mass && pair_mass < 140 && pair_dR > 0.3) 
Event Selection(MC) : ( (probe_isMedium && probe_miniIso_rhoAll < 0.1 && probe_iso03_sumPt/probe_pt < 0.4 && ( (probe_3DIPerrVTX > 0 && probe_3DIPVTX/probe_3DIPerrVTX < 3) || probe_3DIPerrVTX == 0) ) && tag_isTight && tag_HLT_IsoMu24_v==1 && tag_pt > 26 && fabs(tag_eta) < 2.4 && (tag_pfIso04_charged + max(0, tag_pfIso04_neutral+tag_pfIso04_photon-(0.5*tag_pfIso04_sumPU)))/tag_pt < 0.15 && 60 < pair_mass && pair_mass < 140 && pair_dR > 0.3)*(genWeight) 
Passing Probe Condtion : (probe_isMedium && probe_miniIso_rhoAll < 0.1 && probe_iso03_sumPt/probe_pt < 0.4 && ( (probe_3DIPerrVTX > 0 && probe_3DIPVTX/probe_3DIPerrVTX < 3) || probe_3DIPerrVTX == 0) ) && probe_hltL3fL1DoubleMu155fFiltered17_dr<0.3 && probe_hltDiMuon178RelTrkIsoFiltered0p4_dr<0.3 
Input file(Data) : ['/gv0/Users/choij/TnPTrees/v220707/muon/Run2018_UL/SingleMuon_2018.root'] 
Input file(MC) : ['/gv0/Users/choij/TnPTrees/v220707/muon/Run2018_UL/DYJetsToMuMu_M-50_massWgtFix_TuneCP5_13TeV-powhegMiNNLO-pythia8-photos.root'] 
Binnings : [{'var': 'fabs(probe_eta)', 'type': 'float', 'bins': [0.0, 0.9, 1.2, 2.1, 2.4], 'title': '|#eta_{SC}|'}, {'var': 'probe_pt', 'type': 'float', 'bins': [10.0, 14.0, 16.0, 18.0, 20.0, 25.0, 30.0, 40.0, 50.0, 100.0, 200.0], 'title': 'p_{T}'}] 
