==== Data Efficiency Comparison ====
==== Binning Info ====
x-axis: [0.0, 0.9, 1.2, 2.1, 2.4]
y-axis: [15.0, 20.0, 25.0, 30.0, 40.0, 50.0, 60.0, 120.0]
[0.0, 15.0] 0.733, 0.741, -0.012
[0.0, 20.0] 0.799, 0.802, -0.004
[0.0, 25.0] 0.858, 0.859, -0.002
[0.0, 30.0] 0.926, 0.930, -0.004
[0.0, 40.0] 0.968, 0.971, -0.004
[0.0, 50.0] 0.977, 0.980, -0.003
[0.0, 60.0] 0.981, 0.986, -0.005
[0.9, 15.0] 0.755, 0.768, -0.017
[0.9, 20.0] 0.812, 0.818, -0.008
[0.9, 25.0] 0.861, 0.871, -0.011
[0.9, 30.0] 0.928, 0.935, -0.007
[0.9, 40.0] 0.971, 0.974, -0.003
[0.9, 50.0] 0.981, 0.984, -0.003
[0.9, 60.0] 0.984, 0.988, -0.005
[1.2, 15.0] 0.799, 0.809, -0.012
[1.2, 20.0] 0.850, 0.862, -0.014
[1.2, 25.0] 0.892, 0.904, -0.013
[1.2, 30.0] 0.943, 0.950, -0.008
[1.2, 40.0] 0.978, 0.982, -0.003
[1.2, 50.0] 0.985, 0.987, -0.002
[1.2, 60.0] 0.988, 0.990, -0.003
[2.1, 15.0] 0.794, 0.800, -0.008
[2.1, 20.0] 0.852, 0.857, -0.006
[2.1, 25.0] 0.895, 0.904, -0.009
[2.1, 30.0] 0.945, 0.952, -0.007
[2.1, 40.0] 0.976, 0.980, -0.004
[2.1, 50.0] 0.985, 0.988, -0.004
[2.1, 60.0] 0.989, 0.993, -0.004

==== MC Efficiency Comparison ====
==== Binning Info ====
x-axis: [0.0, 0.9, 1.2, 2.1, 2.4]
y-axis: [15.0, 20.0, 25.0, 30.0, 40.0, 50.0, 60.0, 120.0]
[0.0, 15.0] 0.735, 0.749, -0.020
[0.0, 20.0] 0.803, 0.806, -0.004
[0.0, 25.0] 0.864, 0.866, -0.003
[0.0, 30.0] 0.931, 0.934, -0.004
[0.0, 40.0] 0.971, 0.974, -0.003
[0.0, 50.0] 0.978, 0.983, -0.005
[0.0, 60.0] 0.982, 0.987, -0.005
[0.9, 15.0] 0.745, 0.766, -0.028
[0.9, 20.0] 0.806, 0.818, -0.014
[0.9, 25.0] 0.860, 0.868, -0.009
[0.9, 30.0] 0.928, 0.934, -0.006
[0.9, 40.0] 0.972, 0.976, -0.004
[0.9, 50.0] 0.980, 0.984, -0.004
[0.9, 60.0] 0.984, 0.988, -0.005
[1.2, 15.0] 0.785, 0.807, -0.027
[1.2, 20.0] 0.842, 0.856, -0.017
[1.2, 25.0] 0.888, 0.900, -0.013
[1.2, 30.0] 0.941, 0.949, -0.008
[1.2, 40.0] 0.978, 0.982, -0.004
[1.2, 50.0] 0.984, 0.988, -0.004
[1.2, 60.0] 0.987, 0.991, -0.004
[2.1, 15.0] 0.767, 0.789, -0.027
[2.1, 20.0] 0.832, 0.847, -0.018
[2.1, 25.0] 0.884, 0.900, -0.017
[2.1, 30.0] 0.936, 0.949, -0.013
[2.1, 40.0] 0.972, 0.979, -0.008
[2.1, 50.0] 0.982, 0.987, -0.005
[2.1, 60.0] 0.988, 0.992, -0.004
