==== Data Efficiency Comparison ====
==== Binning Info ====
x-axis: [0.0, 0.9, 1.2, 2.1, 2.4]
y-axis: [15.0, 20.0, 25.0, 30.0, 40.0, 50.0, 60.0, 120.0]
[0.0, 15.0] 0.987, 0.987, 0.001
[0.0, 20.0] 0.988, 0.990, -0.002
[0.0, 25.0] 0.988, 0.990, -0.002
[0.0, 30.0] 0.989, 0.990, -0.001
[0.0, 40.0] 0.989, 0.990, -0.001
[0.0, 50.0] 0.989, 0.989, -0.001
[0.0, 60.0] 0.988, 0.988, 0.000
[0.9, 15.0] 0.987, 0.989, -0.002
[0.9, 20.0] 0.987, 0.988, -0.001
[0.9, 25.0] 0.988, 0.990, -0.001
[0.9, 30.0] 0.990, 0.991, -0.001
[0.9, 40.0] 0.991, 0.992, -0.002
[0.9, 50.0] 0.991, 0.991, -0.001
[0.9, 60.0] 0.991, 0.991, -0.000
[1.2, 15.0] 0.988, 0.989, -0.001
[1.2, 20.0] 0.988, 0.988, -0.000
[1.2, 25.0] 0.988, 0.990, -0.001
[1.2, 30.0] 0.989, 0.991, -0.002
[1.2, 40.0] 0.990, 0.992, -0.002
[1.2, 50.0] 0.991, 0.991, -0.001
[1.2, 60.0] 0.993, 0.992, 0.001
[2.1, 15.0] 0.961, 0.956, 0.006
[2.1, 20.0] 0.958, 0.959, -0.001
[2.1, 25.0] 0.959, 0.962, -0.003
[2.1, 30.0] 0.961, 0.963, -0.002
[2.1, 40.0] 0.962, 0.963, -0.002
[2.1, 50.0] 0.963, 0.964, -0.000
[2.1, 60.0] 0.963, 0.962, 0.001

==== MC Efficiency Comparison ====
==== Binning Info ====
x-axis: [0.0, 0.9, 1.2, 2.1, 2.4]
y-axis: [15.0, 20.0, 25.0, 30.0, 40.0, 50.0, 60.0, 120.0]
[0.0, 15.0] 0.993, 0.994, -0.001
[0.0, 20.0] 0.994, 0.994, -0.001
[0.0, 25.0] 0.994, 0.994, -0.001
[0.0, 30.0] 0.994, 0.995, -0.000
[0.0, 40.0] 0.994, 0.995, -0.000
[0.0, 50.0] 0.994, 0.994, -0.000
[0.0, 60.0] 0.994, 0.993, 0.001
[0.9, 15.0] 0.992, 0.993, -0.002
[0.9, 20.0] 0.993, 0.994, -0.001
[0.9, 25.0] 0.994, 0.995, -0.001
[0.9, 30.0] 0.995, 0.996, -0.001
[0.9, 40.0] 0.996, 0.996, -0.001
[0.9, 50.0] 0.995, 0.996, -0.001
[0.9, 60.0] 0.996, 0.996, 0.000
[1.2, 15.0] 0.994, 0.995, -0.001
[1.2, 20.0] 0.994, 0.995, -0.001
[1.2, 25.0] 0.995, 0.995, -0.001
[1.2, 30.0] 0.995, 0.996, -0.001
[1.2, 40.0] 0.996, 0.997, -0.001
[1.2, 50.0] 0.996, 0.997, -0.001
[1.2, 60.0] 0.998, 0.997, 0.000
[2.1, 15.0] 0.986, 0.986, 0.000
[2.1, 20.0] 0.984, 0.984, -0.000
[2.1, 25.0] 0.985, 0.985, -0.001
[2.1, 30.0] 0.986, 0.986, -0.000
[2.1, 40.0] 0.987, 0.987, -0.001
[2.1, 50.0] 0.988, 0.989, -0.001
[2.1, 60.0] 0.990, 0.987, 0.003
