ibin	Central	Staterr	Systerr	Totalerr  [MassRange]	[MassBin]	[TagIso]	[AltSig]   Syst/Stat
0	0.0000 	0.0000 	0.0000	0.0000	+0.0000	+0.0000	+0.0000	+0.0000	+0.0000	+0.0000	+0.0000	    
1	0.0001 	0.0000 	0.0000	0.0000	+0.0000	+0.0000	+0.0000	+0.0000	+0.0000	+0.0000	+0.0000	    
2	0.0001 	0.0000 	0.0000	0.0000	+0.0000	+0.0000	+0.0000	+0.0000	+0.0000	+0.0000	+0.0000	    
3	0.0002 	0.0000 	0.0001	0.0001	+0.0000	+0.0000	+0.0000	+0.0000	+0.0000	+0.0000	+0.0001	    
4	0.0001 	0.0000 	0.0000	0.0000	+0.0000	+0.0000	+0.0000	+0.0000	+0.0000	+0.0000	+0.0000	    
5	0.0008 	0.0001 	0.0000	0.0001	+0.0000	+0.0000	+0.0000	+0.0000	+0.0000	+0.0000	+0.0000	    	0.00
6	0.0019 	0.0001 	0.0004	0.0004	-0.0002	+0.0002	+0.0000	+0.0000	+0.0000	+0.0000	+0.0003	    	3.61
7	0.0021 	0.0002 	0.0002	0.0003	-0.0001	+0.0001	-0.0001	+0.0000	+0.0000	+0.0000	+0.0002	    	1.22
8	0.5111 	0.0008 	0.0029	0.0030	+0.0001	-0.0010	+0.0005	-0.0001	-0.0006	+0.0027	-0.0001	    	3.66
9	0.5149 	0.0013 	0.0052	0.0054	+0.0025	+0.0032	+0.0002	+0.0003	+0.0026	+0.0003	+0.0032	    	4.02
10	0.5114 	0.0008 	0.0036	0.0037	-0.0003	-0.0001	-0.0001	+0.0000	-0.0002	-0.0023	+0.0028	    	4.55
11	0.4903 	0.0015 	0.0029	0.0033	-0.0004	+0.0002	-0.0007	+0.0002	+0.0028	+0.0003	+0.0000	    	1.94
12	0.9495 	0.0003 	0.0012	0.0012	-0.0004	-0.0007	-0.0005	-0.0006	-0.0006	-0.0005	-0.0005	    	4.03
13	0.9696 	0.0004 	0.0007	0.0008	+0.0003	+0.0002	+0.0000	+0.0003	+0.0001	-0.0001	+0.0006	    	1.85
14	0.9611 	0.0003 	0.0006	0.0007	+0.0001	-0.0001	-0.0004	+0.0000	+0.0000	+0.0000	+0.0005	    	2.16
15	0.9289 	0.0007 	0.0006	0.0009	+0.0001	-0.0003	+0.0005	+0.0000	-0.0001	+0.0002	+0.0000	    	0.88
16	0.9504 	0.0001 	0.0001	0.0002	-0.0001	+0.0000	-0.0001	+0.0000	+0.0000	+0.0000	+0.0000	    	1.41
17	0.9708 	0.0002 	0.0002	0.0003	+0.0000	+0.0001	+0.0001	+0.0000	+0.0001	+0.0000	+0.0000	    	0.87
18	0.9646 	0.0001 	0.0002	0.0002	+0.0000	-0.0002	+0.0000	+0.0000	+0.0000	-0.0001	+0.0000	    	2.24
19	0.9357 	0.0003 	0.0006	0.0007	+0.0001	-0.0001	+0.0000	+0.0000	+0.0000	-0.0001	+0.0006	    	2.05
20	0.9511 	0.0001 	0.0001	0.0001	+0.0000	+0.0000	+0.0001	+0.0000	+0.0000	+0.0000	+0.0000	    	1.00
21	0.9715 	0.0001 	0.0001	0.0002	+0.0001	-0.0001	+0.0001	+0.0000	+0.0000	+0.0000	+0.0000	    	1.41
22	0.9654 	0.0001 	0.0003	0.0003	+0.0000	-0.0001	+0.0000	+0.0000	+0.0000	-0.0001	-0.0003	    	3.32
23	0.9376 	0.0002 	0.0002	0.0003	+0.0000	-0.0001	+0.0002	+0.0000	+0.0000	+0.0000	+0.0000	    	1.12
24	0.9506 	0.0000 	0.0005	0.0005	+0.0002	+0.0002	+0.0000	+0.0002	+0.0001	+0.0000	+0.0004	    
25	0.9716 	0.0001 	0.0002	0.0002	+0.0000	+0.0000	-0.0001	+0.0000	+0.0001	+0.0000	+0.0001	    	1.73
26	0.9662 	0.0000 	0.0004	0.0004	+0.0002	+0.0002	+0.0002	+0.0000	+0.0001	+0.0001	+0.0002	    
27	0.9379 	0.0001 	0.0005	0.0005	+0.0001	+0.0001	+0.0005	+0.0004	+0.0000	+0.0000	+0.0001	    	5.20
28	0.9495 	0.0000 	0.0001	0.0001	+0.0001	+0.0000	+0.0000	+0.0000	+0.0001	+0.0000	+0.0000	    
29	0.9714 	0.0001 	0.0002	0.0002	+0.0001	-0.0001	+0.0000	+0.0000	+0.0000	-0.0001	-0.0001	    	1.73
30	0.9676 	0.0000 	0.0002	0.0002	+0.0000	+0.0000	-0.0001	+0.0000	+0.0000	-0.0001	-0.0001	    
31	0.9379 	0.0001 	0.0002	0.0002	+0.0002	+0.0000	+0.0000	+0.0000	+0.0001	+0.0000	+0.0000	    	2.24
32	0.9465 	0.0001 	0.0002	0.0002	+0.0000	+0.0000	+0.0000	-0.0001	+0.0000	-0.0002	+0.0000	    	2.24
33	0.9683 	0.0001 	0.0001	0.0002	+0.0001	+0.0001	+0.0000	+0.0000	+0.0001	+0.0000	+0.0000	    	1.41
34	0.9675 	0.0001 	0.0002	0.0002	-0.0001	-0.0001	+0.0000	+0.0000	+0.0000	+0.0000	-0.0002	    	2.24
35	0.9371 	0.0002 	0.0002	0.0003	-0.0001	-0.0001	+0.0001	+0.0000	+0.0001	+0.0000	+0.0000	    	0.87
36	0.9393 	0.0004 	0.0002	0.0005	+0.0002	-0.0001	+0.0000	+0.0000	+0.0001	-0.0001	-0.0001	    	0.61
37	0.9605 	0.0006 	0.0008	0.0010	+0.0005	+0.0000	-0.0001	+0.0000	+0.0000	+0.0000	-0.0006	    	1.31
38	0.9666 	0.0004 	0.0003	0.0005	+0.0001	-0.0002	-0.0002	+0.0000	+0.0001	+0.0000	-0.0001	    	0.79
39	0.9303 	0.0013 	0.0031	0.0033	-0.0016	+0.0008	-0.0002	+0.0000	-0.0001	-0.0003	+0.0026	    	2.36
Average	error:	0.000282 (stat)	0.000701 (syst)	0.000774 (total)

TnP Configurations 
Event Selection(Data) : ( (probe_isMedium && probe_miniIso_rhoAll < 0.1 && probe_iso03_sumPt/probe_pt < 0.4 && ( (probe_3DIPerrVTX > 0 && probe_3DIPVTX/probe_3DIPerrVTX < 3) || probe_3DIPerrVTX == 0) ) && tag_isTight && tag_HLT_IsoMu24_v==1 && tag_pt > 26 && fabs(tag_eta) < 2.4 && (tag_pfIso04_charged + max(0, tag_pfIso04_neutral+tag_pfIso04_photon-(0.5*tag_pfIso04_sumPU)))/tag_pt < 0.15 && 60 < pair_mass && pair_mass < 140 && pair_dR > 0.3) 
Event Selection(MC) : ( (probe_isMedium && probe_miniIso_rhoAll < 0.1 && probe_iso03_sumPt/probe_pt < 0.4 && ( (probe_3DIPerrVTX > 0 && probe_3DIPVTX/probe_3DIPerrVTX < 3) || probe_3DIPerrVTX == 0) ) && tag_isTight && tag_HLT_IsoMu24_v==1 && tag_pt > 26 && fabs(tag_eta) < 2.4 && (tag_pfIso04_charged + max(0, tag_pfIso04_neutral+tag_pfIso04_photon-(0.5*tag_pfIso04_sumPU)))/tag_pt < 0.15 && 60 < pair_mass && pair_mass < 140 && pair_dR > 0.3) 
Passing Probe Condtion : (probe_isMedium && probe_miniIso_rhoAll < 0.1 && probe_iso03_sumPt/probe_pt < 0.4 && ( (probe_3DIPerrVTX > 0 && probe_3DIPVTX/probe_3DIPerrVTX < 3) || probe_3DIPerrVTX == 0) ) && probe_hltL3fL1DoubleMu155fFiltered17_dr<0.3 && probe_hltDiMuon178RelTrkIsoFiltered0p4_dr<0.3 
Input file(Data) : ['/gv0/Users/choij/TnPTrees/v220707/muon/Run2018_UL/SingleMuon_2018.root'] 
Input file(MC) : ['/gv0/Users/choij/TnPTrees/v220707/muon/Run2018_UL/DYJetsToMuMu_M-50_massWgtFix_TuneCP5_13TeV-powhegMiNNLO-pythia8-photos.root'] 
Binnings : [{'var': 'fabs(probe_eta)', 'type': 'float', 'bins': [0.0, 0.9, 1.2, 2.1, 2.4], 'title': '|#eta_{SC}|'}, {'var': 'probe_pt', 'type': 'float', 'bins': [10.0, 14.0, 16.0, 18.0, 20.0, 25.0, 30.0, 40.0, 50.0, 100.0, 200.0], 'title': 'p_{T}'}] 
