ibin	Central	Staterr	Systerr	Totalerr  [MassRange]	[MassBin]	[TagIso]	[AltSig]   Syst/Stat
0	0.0001 	0.0000 	0.0000	0.0000	+0.0000	+0.0000	+0.0000	+0.0000	+0.0000	+0.0000	+0.0000	    
1	0.0010 	0.0003 	0.0001	0.0003	+0.0000	+0.0000	-0.0001	+0.0000	+0.0000	+0.0000	+0.0000	    	0.33
2	0.0003 	0.0001 	0.0000	0.0001	+0.0000	+0.0000	+0.0000	+0.0000	+0.0000	+0.0000	+0.0000	    	0.00
3	0.0006 	0.0002 	0.0000	0.0002	+0.0000	+0.0000	+0.0000	+0.0000	+0.0000	+0.0000	+0.0000	    	0.00
4	0.0002 	0.0001 	0.0003	0.0003	+0.0000	+0.0000	+0.0000	+0.0002	+0.0000	+0.0000	+0.0002	    	2.83
5	0.0020 	0.0004 	0.0006	0.0007	-0.0004	-0.0001	-0.0004	+0.0000	-0.0001	-0.0001	-0.0001	    	1.46
6	0.0021 	0.0003 	0.0005	0.0006	-0.0002	+0.0002	+0.0002	+0.0000	-0.0001	+0.0001	+0.0004	    	1.67
7	0.0036 	0.0007 	0.0004	0.0008	+0.0003	+0.0000	-0.0002	+0.0001	+0.0002	+0.0001	+0.0001	    	0.61
8	0.5355 	0.0027 	0.0018	0.0032	-0.0007	-0.0011	-0.0013	+0.0000	-0.0005	+0.0003	+0.0000	    	0.66
9	0.5363 	0.0046 	0.0012	0.0048	+0.0007	+0.0002	-0.0004	+0.0001	-0.0003	+0.0009	-0.0003	    	0.27
10	0.5293 	0.0027 	0.0020	0.0034	-0.0010	+0.0000	-0.0002	+0.0001	-0.0009	+0.0001	+0.0015	    	0.75
11	0.5107 	0.0051 	0.0023	0.0056	+0.0012	+0.0015	-0.0008	+0.0001	+0.0013	-0.0002	-0.0008	    	0.45
12	0.9623 	0.0009 	0.0002	0.0009	+0.0001	+0.0000	-0.0001	+0.0001	-0.0002	+0.0000	+0.0000	    	0.27
13	0.9870 	0.0008 	0.0006	0.0010	+0.0000	-0.0001	+0.0006	+0.0000	+0.0002	+0.0000	+0.0000	    	0.80
14	0.9617 	0.0009 	0.0004	0.0010	+0.0002	+0.0000	-0.0001	+0.0000	-0.0001	+0.0002	+0.0002	    	0.40
15	0.9420 	0.0023 	0.0010	0.0025	+0.0000	-0.0004	-0.0001	+0.0001	+0.0005	+0.0003	-0.0007	    	0.41
16	0.9643 	0.0004 	0.0003	0.0005	-0.0001	+0.0000	+0.0002	+0.0000	+0.0000	-0.0001	+0.0001	    	0.66
17	0.9873 	0.0004 	0.0005	0.0006	+0.0000	-0.0002	-0.0004	+0.0000	+0.0001	+0.0000	-0.0002	    	1.25
18	0.9653 	0.0004 	0.0002	0.0005	-0.0001	+0.0001	+0.0002	+0.0000	+0.0001	+0.0000	+0.0000	    	0.61
19	0.9539 	0.0009 	0.0005	0.0010	-0.0001	+0.0000	-0.0004	+0.0000	+0.0001	+0.0000	+0.0002	    	0.52
20	0.9643 	0.0003 	0.0002	0.0003	+0.0000	+0.0001	+0.0001	+0.0000	+0.0000	-0.0001	+0.0000	    	0.58
21	0.9879 	0.0003 	0.0002	0.0004	+0.0001	+0.0000	+0.0001	+0.0000	+0.0000	+0.0001	+0.0001	    	0.67
22	0.9662 	0.0003 	0.0002	0.0004	-0.0002	-0.0001	-0.0001	+0.0000	+0.0001	+0.0000	+0.0000	    	0.82
23	0.9586 	0.0006 	0.0002	0.0006	+0.0000	+0.0001	-0.0001	+0.0000	+0.0000	+0.0000	+0.0001	    	0.29
24	0.9644 	0.0001 	0.0001	0.0002	+0.0001	+0.0000	+0.0001	+0.0000	+0.0000	+0.0000	+0.0000	    	1.41
25	0.9883 	0.0001 	0.0004	0.0004	+0.0002	+0.0002	+0.0003	+0.0002	+0.0001	+0.0002	+0.0001	    	4.24
26	0.9675 	0.0002 	0.0001	0.0002	-0.0001	+0.0000	+0.0000	+0.0000	+0.0000	+0.0000	+0.0001	    	0.71
27	0.9603 	0.0003 	0.0004	0.0005	+0.0002	+0.0001	+0.0002	+0.0000	+0.0002	+0.0000	+0.0001	    	1.20
28	0.9631 	0.0001 	0.0000	0.0001	+0.0000	+0.0000	+0.0000	+0.0000	+0.0000	+0.0000	+0.0000	    	0.00
29	0.9888 	0.0001 	0.0000	0.0001	+0.0000	+0.0000	+0.0000	+0.0000	+0.0000	+0.0000	+0.0000	    	0.00
30	0.9685 	0.0001 	0.0001	0.0001	+0.0000	+0.0000	-0.0001	+0.0000	+0.0000	+0.0000	+0.0000	    	1.00
31	0.9622 	0.0003 	0.0001	0.0003	+0.0000	-0.0001	+0.0000	+0.0000	+0.0000	+0.0000	+0.0000	    	0.33
32	0.9614 	0.0002 	0.0001	0.0002	+0.0001	-0.0001	+0.0000	+0.0000	+0.0000	+0.0000	+0.0000	    	0.50
33	0.9881 	0.0002 	0.0001	0.0002	+0.0001	+0.0000	+0.0000	+0.0000	-0.0001	+0.0000	+0.0000	    	0.71
34	0.9685 	0.0002 	0.0002	0.0003	+0.0000	-0.0001	+0.0000	+0.0000	+0.0001	-0.0001	-0.0001	    	0.87
35	0.9623 	0.0006 	0.0003	0.0007	-0.0001	+0.0001	-0.0001	+0.0000	+0.0000	-0.0002	+0.0001	    	0.44
36	0.9569 	0.0012 	0.0006	0.0013	-0.0001	+0.0001	-0.0002	+0.0000	+0.0002	+0.0000	+0.0005	    	0.49
37	0.9875 	0.0012 	0.0003	0.0012	+0.0000	+0.0000	+0.0000	+0.0000	-0.0003	-0.0003	+0.0000	    	0.25
38	0.9711 	0.0014 	0.0007	0.0015	+0.0005	-0.0001	+0.0003	+0.0000	-0.0001	-0.0003	+0.0000	    	0.47
39	0.9527 	0.0046 	0.0025	0.0052	-0.0017	-0.0016	+0.0014	+0.0004	-0.0008	-0.0004	-0.0008	    	0.54
Average	error:	0.000915 (stat)	0.000491 (syst)	0.001061 (total)

TnP Configurations 
Event Selection(Data) : ( (probe_isMedium && probe_miniIso_rhoAll < 0.1 && probe_iso03_sumPt/probe_pt < 0.4 && ( (probe_3DIPerrVTX > 0 && probe_3DIPVTX/probe_3DIPerrVTX < 3) || probe_3DIPerrVTX == 0) ) && tag_isTight && tag_HLT_IsoMu24_v==1 && tag_pt > 26 && fabs(tag_eta) < 2.4 && (tag_pfIso04_charged + max(0, tag_pfIso04_neutral+tag_pfIso04_photon-(0.5*tag_pfIso04_sumPU)))/tag_pt < 0.15 && 60 < pair_mass && pair_mass < 140 && pair_dR > 0.3) 
Event Selection(MC) : ( (probe_isMedium && probe_miniIso_rhoAll < 0.1 && probe_iso03_sumPt/probe_pt < 0.4 && ( (probe_3DIPerrVTX > 0 && probe_3DIPVTX/probe_3DIPerrVTX < 3) || probe_3DIPerrVTX == 0) ) && tag_isTight && tag_HLT_IsoMu24_v==1 && tag_pt > 26 && fabs(tag_eta) < 2.4 && (tag_pfIso04_charged + max(0, tag_pfIso04_neutral+tag_pfIso04_photon-(0.5*tag_pfIso04_sumPU)))/tag_pt < 0.15 && 60 < pair_mass && pair_mass < 140 && pair_dR > 0.3)*(genWeight) 
Passing Probe Condtion : (probe_isMedium && probe_miniIso_rhoAll < 0.1 && probe_iso03_sumPt/probe_pt < 0.4 && ( (probe_3DIPerrVTX > 0 && probe_3DIPVTX/probe_3DIPerrVTX < 3) || probe_3DIPerrVTX == 0) ) && ( (probe_hltL3fL1sDoubleMu114L1f0L2f10OneMuL3Filtered17_dr<0.3 && probe_hltDiMuonGlb17Glb8RelTrkIsoFiltered0p4_dr<0.3) || (probe_hltL3fL1sDoubleMu114L1f0L2f10L3Filtered17_dr<0.3 && probe_hltDiMuonGlb17Trk8RelTrkIsoFiltered0p4_dr<0.3) || (probe_hltL3fL1sDoubleMu114TkFiltered17Q_dr<0.3 && probe_hltDiMuonTrk17Trk8RelTrkIsoFiltered0p4_dr<0.3) ) 
Input file(Data) : ['/gv0/Users/choij/TnPTrees/v220707/muon/Run2016_UL/SingleMuon_2016b.root'] 
Input file(MC) : ['/gv0/Users/choij/TnPTrees/v220707/muon/Run2016_UL/DYJetsToLL_M-50_TuneCP5_13TeV-madgraphMLM-pythia8.root'] 
Binnings : [{'var': 'fabs(probe_eta)', 'type': 'float', 'bins': [0.0, 0.9, 1.2, 2.1, 2.4], 'title': '|#eta_{SC}|'}, {'var': 'probe_pt', 'type': 'float', 'bins': [10.0, 14.0, 16.0, 18.0, 20.0, 25.0, 30.0, 40.0, 50.0, 100.0, 200.0], 'title': 'p_{T}'}] 
