ibin	Central	Staterr	Systerr	Totalerr  [MassRange]	[MassBin]	[TagIso]	[AltSig]   Syst/Stat
0	0.7725 	0.0011 	0.0259	0.0259	-0.0200	+0.0151	-0.0005	-0.0006	+0.0160	+0.0162	-0.0024	    	23.51
1	0.7803 	0.0023 	0.0160	0.0161	-0.0139	+0.0084	+0.0002	-0.0001	+0.0078	+0.0075	+0.0007	    	6.94
2	0.7866 	0.0013 	0.0104	0.0105	-0.0080	+0.0061	-0.0001	-0.0002	+0.0063	+0.0066	+0.0000	    	7.98
3	0.7507 	0.0023 	0.0051	0.0056	-0.0048	+0.0000	+0.0001	-0.0002	+0.0017	+0.0017	+0.0000	    	2.22
4	0.8023 	0.0006 	0.0306	0.0306	-0.0218	+0.0211	-0.0002	+0.0021	+0.0214	+0.0211	+0.0000	    	51.03
5	0.8125 	0.0016 	0.0255	0.0255	-0.0196	+0.0156	-0.0001	+0.0000	+0.0163	+0.0153	+0.0001	    	15.93
6	0.8078 	0.0008 	0.0177	0.0178	-0.0140	+0.0105	-0.0001	-0.0001	+0.0109	+0.0104	-0.0003	    	22.18
7	0.7639 	0.0016 	0.0134	0.0135	-0.0103	+0.0083	-0.0004	-0.0004	+0.0078	+0.0079	-0.0032	    	8.36
8	0.8415 	0.0006 	0.0219	0.0219	-0.0051	+0.0152	-0.0002	-0.0002	+0.0157	+0.0155	+0.0000	    	36.42
9	0.8362 	0.0010 	0.0226	0.0227	-0.0060	+0.0165	+0.0000	-0.0001	+0.0154	+0.0155	-0.0001	    	22.64
10	0.8304 	0.0006 	0.0165	0.0166	-0.0062	+0.0119	-0.0001	-0.0001	+0.0112	+0.0115	-0.0001	    	27.58
11	0.7874 	0.0020 	0.0105	0.0107	-0.0062	+0.0076	-0.0001	-0.0001	+0.0064	+0.0072	-0.0002	    	5.24
12	0.8906 	0.0003 	0.0041	0.0042	+0.0012	+0.0025	+0.0000	-0.0001	+0.0033	+0.0026	+0.0000	    	13.80
13	0.8728 	0.0006 	0.0073	0.0073	+0.0027	+0.0056	+0.0001	+0.0000	+0.0044	+0.0047	+0.0000	    	12.19
14	0.8646 	0.0004 	0.0057	0.0057	+0.0017	+0.0040	+0.0001	+0.0000	+0.0040	+0.0040	+0.0000	    	14.14
15	0.8183 	0.0008 	0.0043	0.0044	-0.0005	+0.0027	-0.0001	-0.0002	+0.0034	+0.0026	+0.0000	    	5.43
16	0.9366 	0.0001 	0.0002	0.0003	+0.0000	+0.0001	+0.0000	+0.0001	+0.0002	+0.0001	+0.0000	    	2.45
17	0.9190 	0.0002 	0.0002	0.0003	+0.0000	-0.0001	+0.0000	+0.0000	+0.0002	-0.0001	+0.0000	    	1.12
18	0.9040 	0.0001 	0.0003	0.0003	-0.0001	-0.0001	+0.0000	+0.0000	+0.0003	+0.0000	+0.0000	    	3.16
19	0.8501 	0.0004 	0.0006	0.0007	-0.0003	+0.0002	-0.0002	-0.0001	+0.0005	+0.0001	-0.0001	    	1.56
20	0.9607 	0.0001 	0.0003	0.0004	+0.0000	+0.0001	+0.0000	+0.0001	+0.0003	-0.0001	+0.0001	    	3.46
21	0.9497 	0.0002 	0.0004	0.0004	+0.0000	+0.0001	+0.0000	+0.0000	+0.0003	+0.0000	+0.0002	    	1.87
22	0.9309 	0.0001 	0.0003	0.0003	-0.0001	+0.0000	+0.0002	-0.0001	+0.0002	-0.0001	+0.0000	    	3.00
23	0.8706 	0.0004 	0.0008	0.0009	+0.0005	+0.0003	+0.0000	+0.0004	+0.0004	+0.0002	+0.0000	    	1.89
24	0.9648 	0.0001 	0.0008	0.0008	-0.0008	+0.0002	+0.0001	+0.0001	+0.0000	-0.0001	+0.0001	    	8.19
25	0.9544 	0.0002 	0.0002	0.0003	-0.0001	+0.0002	+0.0000	+0.0000	+0.0001	-0.0001	+0.0000	    	1.12
26	0.9362 	0.0002 	0.0010	0.0010	+0.0000	+0.0007	+0.0004	+0.0001	+0.0004	+0.0004	+0.0004	    	4.92
27	0.8795 	0.0008 	0.0021	0.0023	+0.0012	+0.0005	-0.0002	+0.0017	-0.0005	-0.0005	+0.0002	    	2.69
28	0.9678 	0.0002 	0.0004	0.0004	+0.0000	+0.0000	+0.0000	+0.0000	+0.0004	+0.0002	+0.0000	    	2.00
29	0.9567 	0.0005 	0.0009	0.0010	+0.0000	+0.0003	+0.0000	+0.0000	+0.0008	+0.0004	+0.0001	    	1.72
30	0.9374 	0.0004 	0.0007	0.0008	+0.0000	+0.0000	+0.0000	+0.0000	+0.0007	+0.0004	+0.0000	    	1.75
31	0.8836 	0.0012 	0.0111	0.0111	-0.0060	-0.0055	+0.0002	-0.0061	-0.0045	-0.0047	-0.0052	    	9.22
32	0.9703 	0.0014 	0.0008	0.0016	+0.0006	+0.0000	+0.0001	+0.0001	-0.0002	+0.0005	+0.0000	    	0.56
33	0.9522 	0.0029 	0.0022	0.0036	+0.0002	+0.0013	+0.0007	+0.0004	+0.0016	+0.0011	+0.0000	    	0.75
34	0.9351 	0.0023 	0.0018	0.0029	+0.0003	+0.0001	+0.0001	+0.0000	+0.0018	+0.0017	-0.0001	    	0.80
35	0.9017 	0.0117 	0.0073	0.0138	-0.0050	+0.0030	+0.0004	+0.0006	+0.0005	+0.0027	-0.0046	    	0.63
Average	error:	0.001150 (stat)	0.007500 (syst)	0.007837 (total)

TnP Configurations 
Event Selection(Data) : (probe_isTracker && tag_HLT_IsoMu24_v==1 && tag_pt > 26 && fabs(tag_eta) < 2.4 && (tag_pfIso04_charged + max(0, tag_pfIso04_neutral+tag_pfIso04_photon-(0.5*tag_pfIso04_sumPU)))/tag_pt < 0.2 && tag_isTight && 60 < pair_mass && pair_mass < 140 && pair_dR > 0.3 && pair_probeMultiplicity == 1) 
Event Selection(MC) : (probe_isTracker && tag_HLT_IsoMu24_v==1 && tag_pt > 26 && fabs(tag_eta) < 2.4 && (tag_pfIso04_charged + max(0, tag_pfIso04_neutral+tag_pfIso04_photon-(0.5*tag_pfIso04_sumPU)))/tag_pt < 0.2 && tag_isTight && 60 < pair_mass && pair_mass < 140 && pair_dR > 0.3 && pair_probeMultiplicity == 1) 
Passing Probe Condtion : probe_isMedium && probe_miniIso_rhoAll < 0.1 && probe_iso03_sumPt/probe_pt < 0.4 && ( (probe_3DIPerrVTX>0 && probe_3DIPVTX/probe_3DIPerrVTX<3) || probe_3DIPerrVTX==0) && abs(probe_dz) < 0.1 
Input file(Data) : ['/gv0/Users/choij/TnPTrees/muon/Run2018_UL/SingleMuon_2018.root'] 
Input file(MC) : ['/gv0/Users/choij/TnPTrees/muon/Run2018_UL/DYJetsToMuMu_M-50_massWgtFix_TuneCP5_13TeV-powhegMiNNLO-pythia8-photos.root'] 
Binnings : [{'var': 'fabs(probe_eta)', 'type': 'float', 'bins': [0.0, 0.9, 1.2, 2.1, 2.4], 'title': '|#eta_{SC}|'}, {'var': 'probe_pt', 'type': 'float', 'bins': [10.0, 15.0, 20.0, 25.0, 30.0, 40.0, 50.0, 60.0, 120.0, 200.0], 'title': 'p_{T}'}] 
