ibin	Central	Staterr	Systerr	Totalerr  [MassRange]	[MassBin]	[TagIso]	[AltSig]   Syst/Stat
0	0.8119 	0.0011 	0.0329	0.0329	-0.0299	+0.0140	-0.0005	-0.0003	+0.0137	+0.0136	+0.0000	    	29.90
1	0.8232 	0.0015 	0.0139	0.0140	-0.0110	+0.0088	-0.0001	-0.0001	+0.0084	+0.0085	+0.0000	    	9.27
2	0.8160 	0.0008 	0.0109	0.0109	-0.0084	+0.0066	-0.0003	-0.0002	+0.0068	+0.0063	-0.0013	    	13.61
3	0.7855 	0.0014 	0.0069	0.0070	-0.0057	+0.0037	-0.0002	+0.0000	+0.0038	+0.0039	+0.0000	    	4.94
4	0.8363 	0.0005 	0.0279	0.0279	-0.0212	+0.0181	+0.0000	-0.0001	+0.0180	+0.0181	+0.0000	    	55.75
5	0.8524 	0.0010 	0.0273	0.0273	-0.0234	+0.0131	-0.0001	-0.0001	+0.0128	+0.0131	-0.0051	    	27.30
6	0.8417 	0.0005 	0.0212	0.0212	-0.0190	+0.0093	-0.0002	-0.0002	+0.0094	+0.0094	-0.0006	    	42.42
7	0.8155 	0.0010 	0.0146	0.0146	-0.0126	+0.0067	+0.0000	+0.0000	+0.0073	+0.0062	+0.0000	    	14.56
8	0.8688 	0.0003 	0.0193	0.0193	-0.0059	+0.0137	+0.0000	-0.0001	+0.0134	+0.0136	+0.0000	    	64.35
9	0.8700 	0.0007 	0.0198	0.0198	-0.0096	+0.0136	-0.0003	-0.0004	+0.0137	+0.0138	-0.0040	    	28.27
10	0.8656 	0.0004 	0.0139	0.0139	-0.0066	+0.0099	-0.0002	-0.0002	+0.0097	+0.0096	-0.0005	    	34.68
11	0.8392 	0.0004 	0.0088	0.0088	-0.0024	+0.0062	+0.0000	-0.0001	+0.0063	+0.0061	-0.0001	    	22.10
12	0.9104 	0.0002 	0.0039	0.0039	-0.0013	+0.0035	-0.0002	-0.0002	+0.0017	+0.0018	-0.0001	    	19.71
13	0.8998 	0.0006 	0.0056	0.0056	-0.0022	+0.0040	-0.0003	-0.0002	+0.0035	+0.0039	-0.0004	    	9.35
14	0.8963 	0.0003 	0.0036	0.0036	-0.0011	+0.0026	-0.0001	-0.0001	+0.0023	+0.0024	-0.0004	    	11.87
15	0.8707 	0.0007 	0.0029	0.0030	-0.0016	+0.0019	+0.0000	-0.0001	+0.0020	+0.0017	-0.0010	    	4.19
16	0.9482 	0.0001 	0.0008	0.0008	-0.0001	+0.0006	+0.0001	+0.0000	+0.0005	+0.0003	+0.0000	    	7.87
17	0.9379 	0.0001 	0.0011	0.0011	-0.0001	+0.0007	+0.0000	+0.0002	+0.0008	+0.0006	-0.0002	    	11.00
18	0.9277 	0.0001 	0.0012	0.0012	+0.0001	+0.0005	+0.0005	+0.0002	+0.0010	+0.0008	-0.0002	    	12.41
19	0.8950 	0.0002 	0.0012	0.0012	-0.0004	+0.0003	+0.0000	+0.0000	+0.0009	+0.0007	-0.0006	    	5.77
20	0.9691 	0.0001 	0.0003	0.0003	+0.0000	+0.0001	+0.0000	+0.0000	+0.0003	+0.0000	+0.0000	    	3.16
21	0.9639 	0.0001 	0.0005	0.0005	+0.0000	+0.0002	+0.0000	+0.0000	+0.0004	+0.0001	+0.0001	    	4.58
22	0.9503 	0.0001 	0.0003	0.0004	+0.0000	+0.0001	-0.0001	+0.0000	+0.0003	+0.0000	-0.0001	    	3.46
23	0.9109 	0.0002 	0.0003	0.0004	-0.0001	+0.0001	+0.0000	+0.0000	+0.0003	+0.0000	+0.0000	    	1.58
24	0.9723 	0.0001 	0.0003	0.0003	-0.0001	+0.0001	+0.0000	+0.0000	+0.0003	+0.0000	+0.0000	    	3.16
25	0.9660 	0.0002 	0.0015	0.0015	+0.0007	+0.0008	+0.0000	+0.0000	+0.0010	+0.0009	+0.0007	    	7.30
26	0.9544 	0.0002 	0.0008	0.0008	-0.0001	+0.0006	+0.0000	+0.0000	+0.0005	+0.0002	+0.0000	    	3.91
27	0.9121 	0.0005 	0.0032	0.0032	-0.0001	+0.0032	-0.0001	+0.0000	+0.0002	+0.0000	+0.0000	    	6.42
28	0.9740 	0.0002 	0.0006	0.0006	+0.0000	+0.0000	+0.0000	+0.0000	+0.0003	+0.0002	-0.0005	    	2.92
29	0.9676 	0.0003 	0.0005	0.0006	+0.0001	+0.0001	+0.0000	+0.0000	+0.0005	+0.0002	+0.0000	    	1.70
30	0.9562 	0.0008 	0.0018	0.0020	+0.0000	+0.0000	+0.0000	+0.0000	-0.0017	-0.0018	-0.0001	    	2.25
31	0.9150 	0.0007 	0.0005	0.0009	-0.0001	+0.0004	+0.0000	+0.0000	+0.0003	+0.0000	+0.0000	    	0.71
32	0.9754 	0.0021 	0.0008	0.0023	-0.0007	+0.0001	+0.0002	+0.0002	+0.0000	+0.0004	-0.0001	    	0.40
33	0.9698 	0.0018 	0.0007	0.0019	-0.0005	+0.0005	+0.0000	-0.0001	+0.0005	+0.0004	+0.0000	    	0.40
34	0.9566 	0.0013 	0.0035	0.0037	-0.0006	+0.0002	+0.0000	+0.0001	+0.0003	-0.0034	-0.0006	    	2.70
35	0.9273 	0.0058 	0.0037	0.0069	+0.0003	+0.0024	+0.0004	+0.0003	+0.0026	+0.0012	-0.0009	    	0.63
Average	error:	0.000733 (stat)	0.007139 (syst)	0.007345 (total)

TnP Configurations 
Event Selection(Data) : (probe_isTracker && tag_HLT_IsoMu24_v==1 && tag_pt > 26 && fabs(tag_eta) < 2.4 && (tag_pfIso04_charged + max(0, tag_pfIso04_neutral+tag_pfIso04_photon-(0.5*tag_pfIso04_sumPU)))/tag_pt < 0.2 && tag_isTight && 60 < pair_mass && pair_mass < 140 && pair_dR > 0.3 && pair_probeMultiplicity == 1) 
Event Selection(MC) : (probe_isTracker && tag_HLT_IsoMu24_v==1 && tag_pt > 26 && fabs(tag_eta) < 2.4 && (tag_pfIso04_charged + max(0, tag_pfIso04_neutral+tag_pfIso04_photon-(0.5*tag_pfIso04_sumPU)))/tag_pt < 0.2 && tag_isTight && 60 < pair_mass && pair_mass < 140 && pair_dR > 0.3 && pair_probeMultiplicity == 1) 
Passing Probe Condtion : probe_isMedium && probe_miniIso_rhoAll < 0.1 && probe_iso03_sumPt/probe_pt < 0.4 && ( (probe_3DIPerrVTX>0 && probe_3DIPVTX/probe_3DIPerrVTX<3) || probe_3DIPerrVTX==0) && abs(probe_dz) < 0.1 
Input file(Data) : ['/gv0/Users/choij/TnPTrees/muon/Run2018_UL/SingleMuon_2018.root'] 
Input file(MC) : ['/gv0/Users/choij/TnPTrees/muon/Run2018_UL/DYJetsToMuMu_M-50_massWgtFix_TuneCP5_13TeV-powhegMiNNLO-pythia8-photos.root'] 
Binnings : [{'var': 'fabs(probe_eta)', 'type': 'float', 'bins': [0.0, 0.9, 1.2, 2.1, 2.4], 'title': '|#eta_{SC}|'}, {'var': 'probe_pt', 'type': 'float', 'bins': [10.0, 15.0, 20.0, 25.0, 30.0, 40.0, 50.0, 60.0, 120.0, 200.0], 'title': 'p_{T}'}] 
