ibin	Central	Staterr	Systerr	Totalerr  [MassRange]	[MassBin]	[TagIso]	[AltSig]   Syst/Stat
0	0.7877 	0.0014 	0.0183	0.0183	+0.0129	-0.0182	-0.0010	-0.0003	+0.0009	+0.0000	-0.0010	    	13.06
1	0.7882 	0.0029 	0.0124	0.0128	+0.0102	-0.0119	-0.0034	-0.0007	+0.0013	-0.0002	+0.0000	    	4.29
2	0.7849 	0.0013 	0.0073	0.0074	+0.0035	-0.0047	-0.0026	-0.0004	+0.0003	+0.0000	-0.0049	    	5.60
3	0.7249 	0.0023 	0.0131	0.0133	-0.0020	-0.0013	+0.0003	-0.0006	-0.0002	-0.0001	-0.0129	    	5.68
4	0.8272 	0.0012 	0.0222	0.0222	+0.0181	-0.0222	+0.0003	+0.0000	-0.0001	+0.0001	+0.0002	    	18.50
5	0.8323 	0.0013 	0.0180	0.0180	+0.0120	-0.0179	-0.0015	-0.0002	-0.0001	+0.0002	-0.0004	    	13.82
6	0.8153 	0.0009 	0.0118	0.0119	+0.0072	-0.0117	+0.0007	-0.0001	+0.0001	-0.0001	-0.0015	    	13.13
7	0.7427 	0.0016 	0.0087	0.0089	+0.0038	-0.0081	-0.0010	-0.0003	+0.0005	+0.0002	-0.0030	    	5.44
8	0.8575 	0.0006 	0.0167	0.0167	+0.0163	-0.0167	-0.0007	-0.0001	+0.0003	+0.0000	+0.0001	    	27.86
9	0.8522 	0.0015 	0.0194	0.0195	+0.0159	-0.0194	+0.0008	-0.0004	+0.0004	+0.0004	+0.0000	    	12.95
10	0.8362 	0.0004 	0.0122	0.0122	+0.0100	-0.0122	-0.0003	-0.0002	+0.0000	+0.0000	+0.0004	    	30.53
11	0.7694 	0.0007 	0.0065	0.0066	+0.0059	-0.0064	+0.0010	+0.0001	+0.0002	+0.0002	+0.0008	    	9.33
12	0.8935 	0.0003 	0.0095	0.0095	+0.0095	-0.0031	+0.0000	+0.0000	+0.0003	-0.0002	+0.0002	    	31.69
13	0.8769 	0.0006 	0.0108	0.0108	+0.0108	-0.0040	+0.0001	+0.0001	-0.0002	+0.0001	+0.0006	    	18.03
14	0.8631 	0.0005 	0.0094	0.0094	+0.0094	-0.0025	+0.0005	-0.0001	+0.0000	+0.0001	+0.0006	    	18.87
15	0.7963 	0.0005 	0.0047	0.0047	+0.0046	-0.0031	+0.0005	-0.0002	+0.0005	+0.0001	+0.0008	    	9.44
16	0.9372 	0.0001 	0.0010	0.0010	+0.0010	-0.0003	+0.0001	+0.0000	+0.0001	+0.0000	+0.0001	    	10.15
17	0.9190 	0.0002 	0.0012	0.0013	+0.0012	-0.0003	-0.0001	+0.0000	+0.0001	+0.0000	+0.0003	    	6.22
18	0.8991 	0.0001 	0.0009	0.0010	+0.0008	-0.0002	+0.0001	+0.0001	+0.0003	+0.0000	+0.0004	    	9.49
19	0.8281 	0.0002 	0.0009	0.0009	+0.0009	-0.0005	+0.0000	+0.0000	+0.0002	+0.0000	+0.0001	    	4.64
20	0.9612 	0.0001 	0.0004	0.0004	+0.0001	+0.0000	+0.0000	+0.0000	+0.0004	-0.0001	+0.0000	    	4.12
21	0.9501 	0.0002 	0.0004	0.0004	+0.0002	+0.0000	-0.0001	+0.0000	+0.0003	-0.0001	+0.0001	    	1.94
22	0.9270 	0.0001 	0.0003	0.0004	+0.0001	+0.0000	+0.0001	+0.0000	+0.0003	+0.0000	+0.0001	    	3.46
23	0.8559 	0.0014 	0.0006	0.0015	+0.0005	-0.0002	+0.0004	+0.0000	-0.0001	+0.0000	+0.0000	    	0.46
24	0.9659 	0.0001 	0.0005	0.0005	+0.0001	+0.0004	+0.0001	-0.0001	+0.0001	-0.0001	+0.0002	    	4.69
25	0.9548 	0.0003 	0.0006	0.0007	+0.0001	-0.0001	+0.0003	+0.0001	+0.0004	-0.0001	+0.0003	    	1.97
26	0.9355 	0.0003 	0.0014	0.0014	-0.0001	-0.0004	+0.0004	-0.0003	-0.0003	+0.0000	+0.0012	    	4.53
27	0.8737 	0.0008 	0.0033	0.0034	+0.0013	-0.0022	+0.0000	+0.0000	-0.0022	-0.0020	-0.0011	    	4.12
28	0.9676 	0.0002 	0.0006	0.0006	-0.0006	+0.0004	+0.0001	+0.0000	+0.0001	-0.0001	+0.0000	    	3.08
29	0.9566 	0.0005 	0.0009	0.0010	-0.0008	+0.0003	-0.0003	+0.0000	+0.0000	+0.0000	+0.0000	    	1.71
30	0.9354 	0.0009 	0.0006	0.0011	-0.0004	+0.0006	+0.0001	+0.0000	+0.0001	-0.0001	+0.0000	    	0.68
31	0.8717 	0.0015 	0.0062	0.0064	+0.0061	-0.0012	-0.0010	+0.0000	+0.0002	+0.0000	+0.0006	    	4.14
32	0.9709 	0.0017 	0.0022	0.0027	-0.0005	-0.0001	+0.0013	-0.0002	-0.0010	+0.0001	-0.0013	    	1.27
33	0.9544 	0.0037 	0.0045	0.0058	+0.0044	+0.0001	+0.0008	+0.0002	-0.0007	-0.0005	+0.0000	    	1.22
34	0.9352 	0.0028 	0.0044	0.0052	+0.0002	-0.0004	+0.0025	-0.0001	+0.0036	+0.0002	-0.0004	    	1.58
35	0.9332 	0.0139 	0.0567	0.0584	+0.0000	-0.0048	-0.0089	-0.0007	-0.0060	-0.0333	-0.0448	    	4.08
Average	error:	0.001308 (stat)	0.008025 (syst)	0.008236 (total)

TnP Configurations 
Event Selection(Data) : (probe_isTracker && tag_HLT_IsoMu24_v==1 && tag_pt > 26 && fabs(tag_eta) < 2.4 && (tag_pfIso04_charged + max(0, tag_pfIso04_neutral+tag_pfIso04_photon-(0.5*tag_pfIso04_sumPU)))/tag_pt < 0.2 && tag_isTight && 60 < pair_mass && pair_mass < 140 && pair_dR > 0.3 && pair_probeMultiplicity == 1) 
Event Selection(MC) : (probe_isTracker && tag_HLT_IsoMu24_v==1 && tag_pt > 26 && fabs(tag_eta) < 2.4 && (tag_pfIso04_charged + max(0, tag_pfIso04_neutral+tag_pfIso04_photon-(0.5*tag_pfIso04_sumPU)))/tag_pt < 0.2 && tag_isTight && 60 < pair_mass && pair_mass < 140 && pair_dR > 0.3 && pair_probeMultiplicity == 1)*(genWeight) 
Passing Probe Condtion : probe_isMedium && probe_miniIso_rhoAll < 0.1 && probe_iso03_sumPt/probe_pt < 0.4 && ( (probe_3DIPerrVTX>0 && probe_3DIPVTX/probe_3DIPerrVTX<3) || probe_3DIPerrVTX==0) && abs(probe_dz) < 0.1 
Input file(Data) : ['/gv0/Users/choij/TnPTrees/v220707/muon/Run2018_UL/SingleMuon_2018.root'] 
Input file(MC) : ['/gv0/Users/choij/TnPTrees/v220707/muon/Run2018_UL/DYJetsToLL_M-50_TuneCP5_13TeV-madgraphMLM-pythia8.root'] 
Binnings : [{'var': 'fabs(probe_eta)', 'type': 'float', 'bins': [0.0, 0.9, 1.2, 2.1, 2.4], 'title': '|#eta_{SC}|'}, {'var': 'probe_pt', 'type': 'float', 'bins': [10.0, 15.0, 20.0, 25.0, 30.0, 40.0, 50.0, 60.0, 120.0, 200.0], 'title': 'p_{T}'}] 
