==== Data Efficiency Comparison ====
==== Binning Info ====
x-axis: [0.0, 0.9, 1.2, 2.1, 2.4]
y-axis: [15.0, 20.0, 25.0, 30.0, 40.0, 50.0, 60.0, 120.0]
[0.0, 15.0] 0.9908, 0.9904, 0.0004
[0.0, 20.0] 0.9903, 0.9917, -0.0015
[0.0, 25.0] 0.9903, 0.9913, -0.0010
[0.0, 30.0] 0.9907, 0.9913, -0.0006
[0.0, 40.0] 0.9907, 0.9911, -0.0004
[0.0, 50.0] 0.9899, 0.9902, -0.0003
[0.0, 60.0] 0.9896, 0.9893, 0.0003
[0.9, 15.0] 0.9886, 0.9879, 0.0007
[0.9, 20.0] 0.9881, 0.9883, -0.0002
[0.9, 25.0] 0.9891, 0.9882, 0.0009
[0.9, 30.0] 0.9897, 0.9897, -0.0000
[0.9, 40.0] 0.9902, 0.9907, -0.0005
[0.9, 50.0] 0.9906, 0.9898, 0.0008
[0.9, 60.0] 0.9885, 0.9885, -0.0000
[1.2, 15.0] 0.9915, 0.9915, -0.0000
[1.2, 20.0] 0.9900, 0.9909, -0.0009
[1.2, 25.0] 0.9903, 0.9909, -0.0006
[1.2, 30.0] 0.9912, 0.9919, -0.0007
[1.2, 40.0] 0.9922, 0.9930, -0.0008
[1.2, 50.0] 0.9924, 0.9928, -0.0004
[1.2, 60.0] 0.9935, 0.9934, 0.0001
[2.1, 15.0] 0.9615, 0.9626, -0.0012
[2.1, 20.0] 0.9578, 0.9598, -0.0021
[2.1, 25.0] 0.9598, 0.9611, -0.0013
[2.1, 30.0] 0.9612, 0.9629, -0.0017
[2.1, 40.0] 0.9616, 0.9641, -0.0026
[2.1, 50.0] 0.9626, 0.9641, -0.0015
[2.1, 60.0] 0.9629, 0.9622, 0.0007

==== MC Efficiency Comparison ====
==== Binning Info ====
x-axis: [0.0, 0.9, 1.2, 2.1, 2.4]
y-axis: [15.0, 20.0, 25.0, 30.0, 40.0, 50.0, 60.0, 120.0]
[0.0, 15.0] 0.9940, 0.9944, -0.0004
[0.0, 20.0] 0.9941, 0.9943, -0.0002
[0.0, 25.0] 0.9943, 0.9946, -0.0003
[0.0, 30.0] 0.9948, 0.9949, -0.0001
[0.0, 40.0] 0.9948, 0.9947, 0.0001
[0.0, 50.0] 0.9942, 0.9943, -0.0001
[0.0, 60.0] 0.9935, 0.9934, 0.0001
[0.9, 15.0] 0.9932, 0.9936, -0.0004
[0.9, 20.0] 0.9940, 0.9941, -0.0001
[0.9, 25.0] 0.9944, 0.9946, -0.0002
[0.9, 30.0] 0.9949, 0.9955, -0.0006
[0.9, 40.0] 0.9954, 0.9959, -0.0005
[0.9, 50.0] 0.9951, 0.9955, -0.0004
[0.9, 60.0] 0.9945, 0.9952, -0.0007
[1.2, 15.0] 0.9967, 0.9971, -0.0004
[1.2, 20.0] 0.9964, 0.9968, -0.0004
[1.2, 25.0] 0.9964, 0.9969, -0.0005
[1.2, 30.0] 0.9966, 0.9971, -0.0005
[1.2, 40.0] 0.9970, 0.9975, -0.0005
[1.2, 50.0] 0.9973, 0.9978, -0.0005
[1.2, 60.0] 0.9980, 0.9980, -0.0000
[2.1, 15.0] 0.9878, 0.9878, -0.0000
[2.1, 20.0] 0.9848, 0.9852, -0.0004
[2.1, 25.0] 0.9853, 0.9862, -0.0009
[2.1, 30.0] 0.9864, 0.9877, -0.0013
[2.1, 40.0] 0.9866, 0.9889, -0.0023
[2.1, 50.0] 0.9870, 0.9889, -0.0020
[2.1, 60.0] 0.9900, 0.9877, 0.0023
