==== Data Efficiency Comparison ====
==== Binning Info ====
x-axis: [0.0, 0.9, 1.2, 2.1, 2.4]
y-axis: [15.0, 20.0, 25.0, 30.0, 40.0, 50.0, 60.0, 120.0]
[0.0, 15.0] 0.7633, 0.7495, 0.0185
[0.0, 20.0] 0.8142, 0.8052, 0.0112
[0.0, 25.0] 0.8689, 0.8590, 0.0116
[0.0, 30.0] 0.9329, 0.9306, 0.0024
[0.0, 40.0] 0.9720, 0.9721, -0.0001
[0.0, 50.0] 0.9814, 0.9809, 0.0005
[0.0, 60.0] 0.9871, 0.9864, 0.0007
[0.9, 15.0] 0.7800, 0.7657, 0.0187
[0.9, 20.0] 0.8304, 0.8207, 0.0119
[0.9, 25.0] 0.8719, 0.8727, -0.0010
[0.9, 30.0] 0.9359, 0.9357, 0.0002
[0.9, 40.0] 0.9750, 0.9747, 0.0003
[0.9, 50.0] 0.9832, 0.9829, 0.0003
[0.9, 60.0] 0.9888, 0.9877, 0.0011
[1.2, 15.0] 0.8300, 0.8235, 0.0079
[1.2, 20.0] 0.8729, 0.8696, 0.0038
[1.2, 25.0] 0.9102, 0.9112, -0.0011
[1.2, 30.0] 0.9525, 0.9535, -0.0011
[1.2, 40.0] 0.9822, 0.9825, -0.0003
[1.2, 50.0] 0.9880, 0.9881, -0.0001
[1.2, 60.0] 0.9922, 0.9914, 0.0008
[2.1, 15.0] 0.8233, 0.8237, -0.0005
[2.1, 20.0] 0.8778, 0.8748, 0.0034
[2.1, 25.0] 0.9178, 0.9201, -0.0025
[2.1, 30.0] 0.9548, 0.9581, -0.0035
[2.1, 40.0] 0.9811, 0.9841, -0.0031
[2.1, 50.0] 0.9884, 0.9902, -0.0019
[2.1, 60.0] 0.9931, 0.9930, 0.0001

==== MC Efficiency Comparison ====
==== Binning Info ====
x-axis: [0.0, 0.9, 1.2, 2.1, 2.4]
y-axis: [15.0, 20.0, 25.0, 30.0, 40.0, 50.0, 60.0, 120.0]
[0.0, 15.0] 0.7573, 0.7605, -0.0043
[0.0, 20.0] 0.8145, 0.8155, -0.0013
[0.0, 25.0] 0.8724, 0.8714, 0.0012
[0.0, 30.0] 0.9362, 0.9371, -0.0010
[0.0, 40.0] 0.9741, 0.9756, -0.0015
[0.0, 50.0] 0.9821, 0.9840, -0.0019
[0.0, 60.0] 0.9869, 0.9877, -0.0008
[0.9, 15.0] 0.7695, 0.7812, -0.0150
[0.9, 20.0] 0.8228, 0.8315, -0.0104
[0.9, 25.0] 0.8699, 0.8761, -0.0071
[0.9, 30.0] 0.9346, 0.9391, -0.0048
[0.9, 40.0] 0.9749, 0.9776, -0.0027
[0.9, 50.0] 0.9830, 0.9857, -0.0028
[0.9, 60.0] 0.9882, 0.9889, -0.0007
[1.2, 15.0] 0.8113, 0.8257, -0.0175
[1.2, 20.0] 0.8619, 0.8724, -0.0121
[1.2, 25.0] 0.9030, 0.9101, -0.0078
[1.2, 30.0] 0.9494, 0.9546, -0.0055
[1.2, 40.0] 0.9814, 0.9837, -0.0023
[1.2, 50.0] 0.9876, 0.9897, -0.0021
[1.2, 60.0] 0.9905, 0.9918, -0.0013
[2.1, 15.0] 0.7968, 0.8177, -0.0256
[2.1, 20.0] 0.8571, 0.8716, -0.0167
[2.1, 25.0] 0.9053, 0.9155, -0.0111
[2.1, 30.0] 0.9491, 0.9578, -0.0091
[2.1, 40.0] 0.9783, 0.9832, -0.0050
[2.1, 50.0] 0.9864, 0.9904, -0.0041
[2.1, 60.0] 0.9929, 0.9925, 0.0004
