==== Data Efficiency Comparison ====
==== Binning Info ====
x-axis: [0.0, 0.9, 1.2, 2.1, 2.4]
y-axis: [15.0, 20.0, 25.0, 30.0, 40.0, 50.0, 60.0, 120.0]
[0.0, 15.0] 0.9910, 0.9915, -0.0005
[0.0, 20.0] 0.9904, 0.9916, -0.0013
[0.0, 25.0] 0.9907, 0.9915, -0.0008
[0.0, 30.0] 0.9912, 0.9918, -0.0006
[0.0, 40.0] 0.9913, 0.9917, -0.0004
[0.0, 50.0] 0.9906, 0.9908, -0.0002
[0.0, 60.0] 0.9900, 0.9901, -0.0001
[0.9, 15.0] 0.9879, 0.9875, 0.0004
[0.9, 20.0] 0.9882, 0.9886, -0.0004
[0.9, 25.0] 0.9885, 0.9900, -0.0015
[0.9, 30.0] 0.9905, 0.9913, -0.0008
[0.9, 40.0] 0.9915, 0.9918, -0.0003
[0.9, 50.0] 0.9910, 0.9915, -0.0005
[0.9, 60.0] 0.9907, 0.9908, -0.0001
[1.2, 15.0] 0.9895, 0.9886, 0.0009
[1.2, 20.0] 0.9889, 0.9894, -0.0005
[1.2, 25.0] 0.9890, 0.9901, -0.0011
[1.2, 30.0] 0.9900, 0.9905, -0.0006
[1.2, 40.0] 0.9907, 0.9916, -0.0009
[1.2, 50.0] 0.9911, 0.9916, -0.0005
[1.2, 60.0] 0.9918, 0.9918, -0.0000
[2.1, 15.0] 0.9625, 0.9606, 0.0020
[2.1, 20.0] 0.9609, 0.9586, 0.0024
[2.1, 25.0] 0.9605, 0.9604, 0.0001
[2.1, 30.0] 0.9625, 0.9628, -0.0003
[2.1, 40.0] 0.9627, 0.9633, -0.0006
[2.1, 50.0] 0.9633, 0.9632, 0.0001
[2.1, 60.0] 0.9642, 0.9590, 0.0054

==== MC Efficiency Comparison ====
==== Binning Info ====
x-axis: [0.0, 0.9, 1.2, 2.1, 2.4]
y-axis: [15.0, 20.0, 25.0, 30.0, 40.0, 50.0, 60.0, 120.0]
[0.0, 15.0] 0.9940, 0.9940, 0.0000
[0.0, 20.0] 0.9940, 0.9946, -0.0006
[0.0, 25.0] 0.9942, 0.9947, -0.0005
[0.0, 30.0] 0.9947, 0.9950, -0.0003
[0.0, 40.0] 0.9947, 0.9949, -0.0002
[0.0, 50.0] 0.9942, 0.9942, 0.0000
[0.0, 60.0] 0.9936, 0.9940, -0.0004
[0.9, 15.0] 0.9923, 0.9928, -0.0005
[0.9, 20.0] 0.9936, 0.9940, -0.0004
[0.9, 25.0] 0.9947, 0.9951, -0.0004
[0.9, 30.0] 0.9955, 0.9956, -0.0001
[0.9, 40.0] 0.9961, 0.9965, -0.0004
[0.9, 50.0] 0.9959, 0.9961, -0.0002
[0.9, 60.0] 0.9957, 0.9955, 0.0002
[1.2, 15.0] 0.9952, 0.9951, 0.0001
[1.2, 20.0] 0.9953, 0.9954, -0.0001
[1.2, 25.0] 0.9956, 0.9960, -0.0004
[1.2, 30.0] 0.9959, 0.9963, -0.0004
[1.2, 40.0] 0.9964, 0.9968, -0.0004
[1.2, 50.0] 0.9967, 0.9971, -0.0004
[1.2, 60.0] 0.9974, 0.9974, 0.0000
[2.1, 15.0] 0.9871, 0.9861, 0.0010
[2.1, 20.0] 0.9854, 0.9855, -0.0001
[2.1, 25.0] 0.9864, 0.9861, 0.0003
[2.1, 30.0] 0.9877, 0.9874, 0.0003
[2.1, 40.0] 0.9881, 0.9882, -0.0001
[2.1, 50.0] 0.9889, 0.9885, 0.0004
[2.1, 60.0] 0.9893, 0.9885, 0.0008
