==== Data Efficiency Comparison ====
==== Binning Info ====
x-axis: [0.0, 0.9, 1.2, 2.1, 2.4]
y-axis: [15.0, 20.0, 25.0, 30.0, 40.0, 50.0, 60.0, 120.0]
eff_private	eff_official	diff
[0.0, 15.0] 0.9914, 0.9904, 0.0010
[0.0, 20.0] 0.9907, 0.9917, -0.0010
[0.0, 25.0] 0.9903, 0.9913, -0.0010
[0.0, 30.0] 0.9907, 0.9913, -0.0006
[0.0, 40.0] 0.9907, 0.9911, -0.0004
[0.0, 50.0] 0.9899, 0.9902, -0.0003
[0.0, 60.0] 0.9896, 0.9893, 0.0003
[0.9, 15.0] 0.9892, 0.9879, 0.0013
[0.9, 20.0] 0.9889, 0.9883, 0.0006
[0.9, 25.0] 0.9892, 0.9882, 0.0010
[0.9, 30.0] 0.9897, 0.9897, -0.0000
[0.9, 40.0] 0.9903, 0.9907, -0.0004
[0.9, 50.0] 0.9911, 0.9898, 0.0013
[0.9, 60.0] 0.9879, 0.9885, -0.0007
[1.2, 15.0] 0.9921, 0.9915, 0.0006
[1.2, 20.0] 0.9899, 0.9909, -0.0010
[1.2, 25.0] 0.9901, 0.9909, -0.0009
[1.2, 30.0] 0.9910, 0.9919, -0.0009
[1.2, 40.0] 0.9922, 0.9930, -0.0008
[1.2, 50.0] 0.9924, 0.9928, -0.0004
[1.2, 60.0] 0.9931, 0.9934, -0.0003
[2.1, 15.0] 0.9612, 0.9626, -0.0015
[2.1, 20.0] 0.9595, 0.9598, -0.0003
[2.1, 25.0] 0.9600, 0.9611, -0.0011
[2.1, 30.0] 0.9615, 0.9629, -0.0014
[2.1, 40.0] 0.9618, 0.9641, -0.0024
[2.1, 50.0] 0.9627, 0.9641, -0.0014
[2.1, 60.0] 0.9628, 0.9622, 0.0006

==== MC Efficiency Comparison ====
==== Binning Info ====
x-axis: [0.0, 0.9, 1.2, 2.1, 2.4]
y-axis: [15.0, 20.0, 25.0, 30.0, 40.0, 50.0, 60.0, 120.0]
eff_private	eff_official	diff
[0.0, 15.0] 0.9941, 0.9944, -0.0003
[0.0, 20.0] 0.9941, 0.9943, -0.0002
[0.0, 25.0] 0.9942, 0.9946, -0.0004
[0.0, 30.0] 0.9949, 0.9949, 0.0000
[0.0, 40.0] 0.9947, 0.9947, -0.0000
[0.0, 50.0] 0.9941, 0.9943, -0.0002
[0.0, 60.0] 0.9938, 0.9934, 0.0004
[0.9, 15.0] 0.9940, 0.9936, 0.0005
[0.9, 20.0] 0.9941, 0.9941, 0.0000
[0.9, 25.0] 0.9941, 0.9946, -0.0005
[0.9, 30.0] 0.9948, 0.9955, -0.0007
[0.9, 40.0] 0.9952, 0.9959, -0.0007
[0.9, 50.0] 0.9951, 0.9955, -0.0004
[0.9, 60.0] 0.9940, 0.9952, -0.0012
[1.2, 15.0] 0.9964, 0.9971, -0.0007
[1.2, 20.0] 0.9959, 0.9968, -0.0009
[1.2, 25.0] 0.9963, 0.9969, -0.0006
[1.2, 30.0] 0.9966, 0.9971, -0.0005
[1.2, 40.0] 0.9970, 0.9975, -0.0005
[1.2, 50.0] 0.9974, 0.9978, -0.0004
[1.2, 60.0] 0.9979, 0.9980, -0.0001
[2.1, 15.0] 0.9872, 0.9878, -0.0007
[2.1, 20.0] 0.9852, 0.9852, -0.0000
[2.1, 25.0] 0.9849, 0.9862, -0.0013
[2.1, 30.0] 0.9863, 0.9877, -0.0014
[2.1, 40.0] 0.9868, 0.9889, -0.0021
[2.1, 50.0] 0.9867, 0.9889, -0.0023
[2.1, 60.0] 0.9901, 0.9877, 0.0024
