==== Data Efficiency Comparison ====
==== Binning Info ====
x-axis: [0.0, 0.9, 1.2, 2.1, 2.4]
y-axis: [15.0, 20.0, 25.0, 30.0, 40.0, 50.0, 60.0, 120.0]
eff_private	eff_official	diff
[0.0, 15.0] 0.9893, 0.9867, 0.0026
[0.0, 20.0] 0.9887, 0.9897, -0.0011
[0.0, 25.0] 0.9891, 0.9900, -0.0010
[0.0, 30.0] 0.9894, 0.9901, -0.0007
[0.0, 40.0] 0.9897, 0.9900, -0.0003
[0.0, 50.0] 0.9888, 0.9894, -0.0006
[0.0, 60.0] 0.9880, 0.9881, -0.0001
[0.9, 15.0] 0.9873, 0.9891, -0.0019
[0.9, 20.0] 0.9878, 0.9876, 0.0002
[0.9, 25.0] 0.9893, 0.9896, -0.0003
[0.9, 30.0] 0.9907, 0.9910, -0.0003
[0.9, 40.0] 0.9914, 0.9921, -0.0007
[0.9, 50.0] 0.9910, 0.9915, -0.0005
[0.9, 60.0] 0.9907, 0.9914, -0.0007
[1.2, 15.0] 0.9892, 0.9888, 0.0004
[1.2, 20.0] 0.9879, 0.9879, -0.0000
[1.2, 25.0] 0.9886, 0.9897, -0.0011
[1.2, 30.0] 0.9896, 0.9905, -0.0009
[1.2, 40.0] 0.9905, 0.9915, -0.0010
[1.2, 50.0] 0.9909, 0.9915, -0.0006
[1.2, 60.0] 0.9922, 0.9921, 0.0001
[2.1, 15.0] 0.9629, 0.9557, 0.0075
[2.1, 20.0] 0.9581, 0.9591, -0.0011
[2.1, 25.0] 0.9602, 0.9616, -0.0014
[2.1, 30.0] 0.9622, 0.9629, -0.0007
[2.1, 40.0] 0.9630, 0.9634, -0.0004
[2.1, 50.0] 0.9639, 0.9635, 0.0004
[2.1, 60.0] 0.9649, 0.9619, 0.0031

==== MC Efficiency Comparison ====
==== Binning Info ====
x-axis: [0.0, 0.9, 1.2, 2.1, 2.4]
y-axis: [15.0, 20.0, 25.0, 30.0, 40.0, 50.0, 60.0, 120.0]
eff_private	eff_official	diff
[0.0, 15.0] 0.9939, 0.9942, -0.0003
[0.0, 20.0] 0.9939, 0.9942, -0.0003
[0.0, 25.0] 0.9942, 0.9945, -0.0003
[0.0, 30.0] 0.9946, 0.9949, -0.0003
[0.0, 40.0] 0.9946, 0.9949, -0.0003
[0.0, 50.0] 0.9940, 0.9942, -0.0002
[0.0, 60.0] 0.9935, 0.9934, 0.0001
[0.9, 15.0] 0.9923, 0.9934, -0.0011
[0.9, 20.0] 0.9937, 0.9937, 0.0000
[0.9, 25.0] 0.9941, 0.9948, -0.0007
[0.9, 30.0] 0.9953, 0.9956, -0.0003
[0.9, 40.0] 0.9960, 0.9964, -0.0004
[0.9, 50.0] 0.9956, 0.9959, -0.0003
[0.9, 60.0] 0.9954, 0.9958, -0.0004
[1.2, 15.0] 0.9948, 0.9954, -0.0006
[1.2, 20.0] 0.9946, 0.9952, -0.0006
[1.2, 25.0] 0.9950, 0.9954, -0.0004
[1.2, 30.0] 0.9954, 0.9960, -0.0006
[1.2, 40.0] 0.9960, 0.9965, -0.0005
[1.2, 50.0] 0.9965, 0.9970, -0.0005
[1.2, 60.0] 0.9970, 0.9975, -0.0005
[2.1, 15.0] 0.9855, 0.9859, -0.0004
[2.1, 20.0] 0.9835, 0.9840, -0.0005
[2.1, 25.0] 0.9846, 0.9853, -0.0007
[2.1, 30.0] 0.9864, 0.9861, 0.0003
[2.1, 40.0] 0.9869, 0.9872, -0.0003
[2.1, 50.0] 0.9878, 0.9890, -0.0012
[2.1, 60.0] 0.9898, 0.9868, 0.0030
