==== Data Efficiency Comparison ====
==== Binning Info ====
x-axis: [0.0, 0.9, 1.2, 2.1, 2.4]
y-axis: [15.0, 20.0, 25.0, 30.0, 40.0, 50.0, 60.0, 120.0]
eff_private	eff_official	diff
[0.0, 15.0] 0.7555, 0.7415, 0.0189
[0.0, 20.0] 0.8124, 0.8015, 0.0136
[0.0, 25.0] 0.8647, 0.8590, 0.0066
[0.0, 30.0] 0.9310, 0.9301, 0.0010
[0.0, 40.0] 0.9710, 0.9712, -0.0002
[0.0, 50.0] 0.9796, 0.9801, -0.0005
[0.0, 60.0] 0.9850, 0.9862, -0.0012
[0.9, 15.0] 0.7775, 0.7678, 0.0126
[0.9, 20.0] 0.8273, 0.8183, 0.0110
[0.9, 25.0] 0.8726, 0.8707, 0.0022
[0.9, 30.0] 0.9345, 0.9346, -0.0001
[0.9, 40.0] 0.9737, 0.9739, -0.0002
[0.9, 50.0] 0.9832, 0.9837, -0.0005
[0.9, 60.0] 0.9870, 0.9885, -0.0015
[1.2, 15.0] 0.8176, 0.8093, 0.0102
[1.2, 20.0] 0.8667, 0.8623, 0.0052
[1.2, 25.0] 0.9051, 0.9042, 0.0009
[1.2, 30.0] 0.9501, 0.9505, -0.0004
[1.2, 40.0] 0.9807, 0.9816, -0.0009
[1.2, 50.0] 0.9872, 0.9873, -0.0001
[1.2, 60.0] 0.9906, 0.9905, 0.0001
[2.1, 15.0] 0.8034, 0.7998, 0.0045
[2.1, 20.0] 0.8606, 0.8566, 0.0047
[2.1, 25.0] 0.9044, 0.9035, 0.0010
[2.1, 30.0] 0.9517, 0.9517, 0.0000
[2.1, 40.0] 0.9786, 0.9802, -0.0017
[2.1, 50.0] 0.9863, 0.9885, -0.0022
[2.1, 60.0] 0.9914, 0.9927, -0.0013

==== MC Efficiency Comparison ====
==== Binning Info ====
x-axis: [0.0, 0.9, 1.2, 2.1, 2.4]
y-axis: [15.0, 20.0, 25.0, 30.0, 40.0, 50.0, 60.0, 120.0]
eff_private	eff_official	diff
[0.0, 15.0] 0.7498, 0.7492, 0.0008
[0.0, 20.0] 0.8049, 0.8057, -0.0010
[0.0, 25.0] 0.8665, 0.8664, 0.0001
[0.0, 30.0] 0.9318, 0.9342, -0.0025
[0.0, 40.0] 0.9726, 0.9741, -0.0016
[0.0, 50.0] 0.9826, 0.9829, -0.0003
[0.0, 60.0] 0.9874, 0.9871, 0.0003
[0.9, 15.0] 0.7683, 0.7663, 0.0026
[0.9, 20.0] 0.8186, 0.8180, 0.0007
[0.9, 25.0] 0.8659, 0.8678, -0.0021
[0.9, 30.0] 0.9317, 0.9341, -0.0025
[0.9, 40.0] 0.9738, 0.9759, -0.0021
[0.9, 50.0] 0.9838, 0.9841, -0.0003
[0.9, 60.0] 0.9883, 0.9884, -0.0001
[1.2, 15.0] 0.8048, 0.8067, -0.0023
[1.2, 20.0] 0.8547, 0.8562, -0.0018
[1.2, 25.0] 0.8979, 0.8996, -0.0019
[1.2, 30.0] 0.9454, 0.9490, -0.0038
[1.2, 40.0] 0.9798, 0.9817, -0.0020
[1.2, 50.0] 0.9874, 0.9884, -0.0010
[1.2, 60.0] 0.9909, 0.9906, 0.0003
[2.1, 15.0] 0.7752, 0.7890, -0.0174
[2.1, 20.0] 0.8400, 0.8475, -0.0088
[2.1, 25.0] 0.8926, 0.8997, -0.0079
[2.1, 30.0] 0.9407, 0.9487, -0.0084
[2.1, 40.0] 0.9744, 0.9792, -0.0049
[2.1, 50.0] 0.9851, 0.9874, -0.0023
[2.1, 60.0] 0.9915, 0.9919, -0.0004
