ibin	Central	Staterr	Systerr	Totalerr  [MassRange]	[MassBin]	[TagIso]	[AltSig]   Syst/Stat
0	0.8127 	0.0007 	0.0162	0.0162	-0.0127	+0.0102	-0.0004	-0.0002	+0.0084	+0.0100	+0.0000	    	23.10
1	0.8325 	0.0011 	0.0118	0.0119	-0.0090	+0.0064	-0.0001	-0.0001	+0.0077	+0.0069	+0.0000	    	10.77
2	0.8412 	0.0005 	0.0085	0.0085	-0.0056	+0.0055	-0.0001	-0.0003	+0.0063	+0.0064	+0.0006	    	17.06
3	0.8009 	0.0020 	0.0064	0.0067	-0.0047	+0.0023	-0.0016	-0.0013	+0.0033	+0.0019	-0.0024	    	3.21
4	0.8498 	0.0007 	0.0189	0.0189	-0.0142	+0.0126	-0.0003	-0.0002	+0.0125	+0.0123	+0.0000	    	27.03
5	0.8602 	0.0011 	0.0166	0.0166	-0.0123	+0.0099	-0.0003	-0.0002	+0.0111	+0.0108	-0.0002	    	15.07
6	0.8668 	0.0004 	0.0121	0.0121	-0.0085	+0.0086	+0.0005	+0.0005	+0.0084	+0.0085	+0.0003	    	30.26
7	0.8258 	0.0014 	0.0082	0.0083	-0.0065	+0.0052	+0.0000	+0.0001	+0.0049	+0.0048	-0.0012	    	5.88
8	0.8785 	0.0004 	0.0155	0.0155	-0.0081	+0.0110	-0.0002	-0.0001	+0.0109	+0.0109	-0.0001	    	38.72
9	0.8809 	0.0003 	0.0166	0.0166	-0.0084	+0.0118	-0.0003	-0.0002	+0.0116	+0.0117	-0.0002	    	55.40
10	0.8888 	0.0002 	0.0132	0.0132	-0.0078	+0.0093	-0.0002	-0.0001	+0.0091	+0.0093	-0.0004	    	65.80
11	0.8475 	0.0005 	0.0079	0.0079	-0.0048	+0.0054	-0.0001	+0.0000	+0.0058	+0.0052	-0.0001	    	15.85
12	0.9120 	0.0010 	0.0050	0.0051	-0.0009	+0.0036	+0.0000	+0.0000	+0.0034	+0.0035	+0.0002	    	5.02
13	0.9103 	0.0011 	0.0049	0.0050	-0.0009	+0.0035	-0.0003	-0.0002	+0.0031	+0.0034	-0.0005	    	4.47
14	0.9144 	0.0004 	0.0041	0.0041	-0.0014	+0.0028	-0.0002	-0.0002	+0.0028	+0.0028	-0.0009	    	10.16
15	0.8742 	0.0026 	0.0029	0.0039	-0.0017	+0.0011	-0.0003	-0.0003	+0.0010	+0.0008	-0.0021	    	1.11
16	0.9485 	0.0001 	0.0009	0.0009	-0.0001	+0.0006	+0.0000	+0.0001	+0.0006	+0.0004	-0.0002	    	8.77
17	0.9457 	0.0002 	0.0008	0.0009	-0.0001	+0.0004	+0.0000	+0.0000	+0.0007	+0.0005	-0.0002	    	4.15
18	0.9414 	0.0001 	0.0013	0.0014	-0.0001	+0.0006	+0.0000	+0.0000	+0.0011	+0.0008	-0.0005	    	13.49
19	0.8930 	0.0004 	0.0013	0.0013	-0.0002	+0.0003	+0.0000	+0.0000	+0.0007	+0.0003	-0.0010	    	3.14
20	0.9692 	0.0001 	0.0003	0.0004	-0.0001	+0.0001	-0.0001	-0.0001	+0.0003	+0.0000	+0.0001	    	3.46
21	0.9707 	0.0001 	0.0003	0.0003	-0.0001	+0.0001	+0.0000	+0.0000	+0.0003	+0.0000	+0.0000	    	3.16
22	0.9609 	0.0001 	0.0004	0.0004	+0.0000	+0.0001	+0.0000	+0.0000	+0.0004	+0.0000	+0.0000	    	4.12
23	0.9066 	0.0003 	0.0008	0.0009	+0.0000	+0.0003	+0.0000	+0.0000	+0.0007	+0.0001	-0.0003	    	2.73
24	0.9713 	0.0001 	0.0003	0.0003	-0.0001	+0.0001	-0.0001	-0.0001	+0.0003	+0.0000	+0.0000	    	3.32
25	0.9703 	0.0002 	0.0027	0.0027	+0.0011	+0.0014	+0.0000	+0.0012	+0.0015	+0.0012	+0.0012	    	13.31
26	0.9611 	0.0002 	0.0007	0.0007	-0.0002	+0.0006	+0.0000	+0.0000	+0.0004	+0.0002	+0.0000	    	3.61
27	0.9013 	0.0007 	0.0004	0.0008	-0.0003	+0.0001	+0.0000	+0.0000	+0.0002	-0.0001	+0.0002	    	0.59
28	0.9714 	0.0013 	0.0003	0.0013	-0.0002	+0.0001	+0.0000	-0.0001	+0.0002	+0.0001	-0.0001	    	0.24
29	0.9694 	0.0005 	0.0005	0.0007	-0.0001	+0.0001	+0.0002	+0.0001	+0.0004	+0.0004	+0.0000	    	0.92
30	0.9577 	0.0003 	0.0005	0.0006	+0.0001	+0.0001	+0.0000	+0.0000	+0.0005	+0.0004	+0.0000	    	1.70
31	0.9020 	0.0010 	0.0013	0.0016	+0.0004	+0.0002	+0.0001	+0.0000	+0.0005	+0.0003	+0.0011	    	1.28
32	0.9718 	0.0010 	0.0011	0.0015	-0.0006	+0.0004	+0.0003	+0.0002	-0.0004	-0.0007	-0.0005	    	1.09
33	0.9634 	0.0017 	0.0013	0.0021	-0.0001	+0.0004	+0.0000	+0.0000	+0.0012	+0.0004	+0.0001	    	0.75
34	0.9555 	0.0013 	0.0017	0.0021	-0.0003	+0.0000	-0.0001	+0.0000	+0.0004	-0.0002	-0.0016	    	1.29
35	0.9138 	0.0062 	0.0026	0.0067	+0.0007	+0.0001	+0.0008	+0.0002	+0.0024	+0.0016	-0.0001	    	0.42
Average	error:	0.000842 (stat)	0.005235 (syst)	0.005510 (total)

TnP Configurations 
Event Selection(Data) : (probe_isTracker && tag_HLT_IsoMu24_v==1 && tag_pt > 26 && fabs(tag_eta) < 2.4 && (tag_pfIso04_charged + max(0, tag_pfIso04_neutral+tag_pfIso04_photon-(0.5*tag_pfIso04_sumPU)))/tag_pt < 0.2 && tag_isTight && 60 < pair_mass && pair_mass < 140 && pair_dR > 0.3) 
Event Selection(MC) : (probe_isTracker && tag_HLT_IsoMu24_v==1 && tag_pt > 26 && fabs(tag_eta) < 2.4 && (tag_pfIso04_charged + max(0, tag_pfIso04_neutral+tag_pfIso04_photon-(0.5*tag_pfIso04_sumPU)))/tag_pt < 0.2 && tag_isTight && 60 < pair_mass && pair_mass < 140 && pair_dR > 0.3) 
Passing Probe Condtion : probe_CutBasedIdMedium && probe_miniIso_rhoAll < 0.1 && probe_iso03_sumPt/probe_pt < 0.4 && ( (probe_3DIPerrVTX>0 && probe_3DIPVTX/probe_3DIPerrVTX<3) || probe_3DIPerrVTX==0) && abs(probe_dz) < 0.1 
Input file(Data) : ['/gv0/Users/choij/TnPTrees/muon/Run2016_UL_HIPM/SingleMuon_2016a.root'] 
Input file(MC) : ['/gv0/Users/choij/TnPTrees/muon/Run2016_UL_HIPM/DYJetsToMuMu_M-50_TuneCP5_13TeV-powhegMiNNLO-pythia8-photos.root'] 
Binnings : [{'var': 'fabs(probe_eta)', 'type': 'float', 'bins': [0.0, 0.9, 1.2, 2.1, 2.4], 'title': '|#eta_{SC}|'}, {'var': 'probe_pt', 'type': 'float', 'bins': [10.0, 15.0, 20.0, 25.0, 30.0, 40.0, 50.0, 60.0, 120.0, 200.0], 'title': 'p_{T}'}] 
