ibin	Central	Staterr	Systerr	Totalerr  [MassRange]	[MassBin]	[TagIso]	[AltSig]   Syst/Stat
0	0.8007 	0.0026 	0.0176	0.0178	-0.0132	+0.0098	-0.0001	-0.0004	+0.0105	+0.0115	+0.0016	    	6.76
1	0.8144 	0.0035 	0.0133	0.0138	-0.0087	+0.0089	+0.0003	+0.0000	+0.0097	+0.0099	-0.0008	    	3.81
2	0.8352 	0.0019 	0.0101	0.0102	-0.0061	+0.0048	-0.0002	-0.0002	+0.0054	+0.0050	-0.0059	    	5.30
3	0.8036 	0.0039 	0.0043	0.0058	-0.0034	+0.0020	-0.0009	-0.0005	+0.0012	+0.0024	+0.0002	    	1.09
4	0.8333 	0.0006 	0.0222	0.0222	-0.0168	+0.0144	+0.0008	+0.0008	+0.0144	+0.0142	-0.0007	    	36.92
5	0.8420 	0.0024 	0.0191	0.0193	-0.0151	+0.0118	-0.0004	-0.0004	+0.0113	+0.0117	-0.0005	    	7.96
6	0.8537 	0.0013 	0.0139	0.0140	-0.0112	+0.0083	-0.0002	-0.0002	+0.0082	+0.0082	-0.0008	    	10.70
7	0.8209 	0.0027 	0.0095	0.0098	-0.0077	+0.0046	-0.0002	-0.0001	+0.0049	+0.0055	+0.0002	    	3.51
8	0.8631 	0.0010 	0.0173	0.0173	-0.0074	+0.0123	-0.0001	-0.0001	+0.0120	+0.0121	+0.0000	    	17.25
9	0.8631 	0.0025 	0.0177	0.0178	-0.0085	+0.0128	-0.0002	-0.0005	+0.0121	+0.0119	-0.0011	    	7.06
10	0.8713 	0.0010 	0.0140	0.0141	-0.0080	+0.0103	-0.0001	+0.0000	+0.0093	+0.0095	-0.0005	    	14.02
11	0.8362 	0.0025 	0.0086	0.0090	-0.0067	+0.0047	-0.0002	-0.0002	+0.0054	+0.0045	+0.0002	    	3.44
12	0.9005 	0.0005 	0.0039	0.0039	-0.0002	+0.0027	+0.0000	-0.0001	+0.0025	+0.0028	+0.0000	    	7.78
13	0.8921 	0.0010 	0.0043	0.0044	+0.0011	+0.0032	+0.0001	-0.0001	+0.0028	+0.0029	+0.0000	    	4.32
14	0.8988 	0.0006 	0.0056	0.0056	-0.0003	+0.0042	-0.0001	-0.0002	+0.0037	+0.0037	-0.0003	    	9.35
15	0.8605 	0.0016 	0.0056	0.0058	-0.0037	+0.0037	+0.0000	-0.0001	+0.0005	-0.0002	-0.0042	    	3.51
16	0.9392 	0.0002 	0.0006	0.0006	-0.0001	+0.0003	+0.0000	+0.0000	+0.0005	+0.0002	+0.0000	    	2.92
17	0.9341 	0.0003 	0.0006	0.0006	-0.0001	+0.0004	+0.0000	+0.0000	+0.0004	+0.0002	+0.0000	    	1.89
18	0.9308 	0.0003 	0.0009	0.0010	-0.0002	+0.0007	+0.0000	+0.0000	+0.0006	+0.0004	+0.0001	    	3.09
19	0.8822 	0.0052 	0.0020	0.0056	-0.0006	+0.0012	-0.0001	-0.0001	+0.0010	+0.0006	-0.0013	    	0.39
20	0.9614 	0.0003 	0.0004	0.0005	-0.0002	+0.0001	-0.0001	+0.0000	+0.0003	-0.0001	+0.0000	    	1.25
21	0.9603 	0.0003 	0.0003	0.0004	-0.0002	+0.0001	-0.0001	-0.0001	+0.0002	-0.0001	-0.0001	    	1.05
22	0.9527 	0.0002 	0.0005	0.0006	-0.0002	+0.0002	+0.0000	+0.0000	+0.0005	+0.0001	+0.0000	    	2.69
23	0.8951 	0.0006 	0.0008	0.0010	-0.0001	-0.0004	+0.0000	+0.0000	-0.0003	-0.0005	-0.0005	    	1.35
24	0.9629 	0.0003 	0.0004	0.0005	-0.0003	+0.0003	+0.0000	-0.0001	+0.0002	+0.0000	+0.0000	    	1.25
25	0.9607 	0.0005 	0.0006	0.0008	-0.0003	+0.0006	-0.0001	+0.0000	+0.0002	+0.0001	+0.0000	    	1.28
26	0.9515 	0.0004 	0.0005	0.0006	-0.0004	+0.0004	-0.0001	+0.0000	+0.0003	+0.0002	+0.0000	    	1.27
27	0.8912 	0.0013 	0.0019	0.0023	-0.0010	+0.0008	-0.0001	+0.0000	+0.0010	+0.0002	+0.0012	    	1.43
28	0.9622 	0.0004 	0.0005	0.0007	-0.0002	+0.0002	+0.0000	+0.0000	+0.0005	+0.0003	+0.0000	    	1.35
29	0.9576 	0.0007 	0.0013	0.0015	-0.0001	+0.0000	+0.0000	+0.0000	+0.0013	+0.0005	+0.0000	    	1.86
30	0.9481 	0.0005 	0.0008	0.0010	-0.0001	+0.0001	-0.0001	+0.0000	+0.0007	+0.0008	+0.0000	    	1.62
31	0.8894 	0.0021 	0.0115	0.0116	-0.0009	-0.0002	-0.0001	-0.0002	+0.0112	+0.0012	+0.0022	    	5.45
32	0.9613 	0.0016 	0.0009	0.0018	+0.0002	+0.0007	+0.0000	+0.0000	+0.0006	+0.0000	+0.0000	    	0.58
33	0.9492 	0.0048 	0.0020	0.0052	-0.0009	+0.0013	+0.0002	+0.0001	-0.0002	+0.0007	-0.0014	    	0.43
34	0.9416 	0.0034 	0.0050	0.0061	-0.0024	+0.0002	-0.0026	+0.0000	-0.0005	-0.0007	-0.0035	    	1.48
35	0.8964 	0.0138 	0.0040	0.0144	+0.0011	-0.0016	+0.0006	-0.0012	+0.0029	+0.0006	+0.0019	    	0.29
Average	error:	0.001856 (stat)	0.006181 (syst)	0.006877 (total)

TnP Configurations 
Event Selection(Data) : (probe_isTracker && tag_HLT_IsoMu24_v==1 && tag_pt > 26 && fabs(tag_eta) < 2.4 && (tag_pfIso04_charged + max(0, tag_pfIso04_neutral+tag_pfIso04_photon-(0.5*tag_pfIso04_sumPU)))/tag_pt < 0.2 && tag_isTight && 60 < pair_mass && pair_mass < 140 && pair_dR > 0.3) 
Event Selection(MC) : (probe_isTracker && tag_HLT_IsoMu24_v==1 && tag_pt > 26 && fabs(tag_eta) < 2.4 && (tag_pfIso04_charged + max(0, tag_pfIso04_neutral+tag_pfIso04_photon-(0.5*tag_pfIso04_sumPU)))/tag_pt < 0.2 && tag_isTight && 60 < pair_mass && pair_mass < 140 && pair_dR > 0.3) 
Passing Probe Condtion : probe_CutBasedIdMedium && probe_miniIso_rhoAll < 0.1 && probe_iso03_sumPt/probe_pt < 0.4 && ( (probe_3DIPerrVTX>0 && probe_3DIPVTX/probe_3DIPerrVTX<3) || probe_3DIPerrVTX==0) && abs(probe_dz) < 0.1 
Input file(Data) : ['/gv0/Users/choij/TnPTrees/muon/Run2016_UL_HIPM/SingleMuon_2016a.root'] 
Input file(MC) : ['/gv0/Users/choij/TnPTrees/muon/Run2016_UL_HIPM/DYJetsToMuMu_M-50_TuneCP5_13TeV-powhegMiNNLO-pythia8-photos.root'] 
Binnings : [{'var': 'fabs(probe_eta)', 'type': 'float', 'bins': [0.0, 0.9, 1.2, 2.1, 2.4], 'title': '|#eta_{SC}|'}, {'var': 'probe_pt', 'type': 'float', 'bins': [10.0, 15.0, 20.0, 25.0, 30.0, 40.0, 50.0, 60.0, 120.0, 200.0], 'title': 'p_{T}'}] 
