ibin	Central	Staterr	Systerr	Totalerr  [MassRange]	[MassBin]	[TagIso]	[AltSig]   Syst/Stat
0	0.0000 	0.0000 	0.0000	0.0000	+0.0000	+0.0000	+0.0000	+0.0000	+0.0000	+0.0000	+0.0000	    
1	0.0005 	0.0000 	0.0001	0.0001	+0.0000	+0.0000	-0.0001	+0.0000	+0.0000	+0.0000	+0.0000	    
2	0.0001 	0.0000 	0.0000	0.0000	+0.0000	+0.0000	+0.0000	+0.0000	+0.0000	+0.0000	+0.0000	    
3	0.0006 	0.0000 	0.0000	0.0000	+0.0000	+0.0000	+0.0000	+0.0000	+0.0000	+0.0000	+0.0000	    
4	0.0004 	0.0000 	0.0001	0.0001	+0.0000	+0.0000	+0.0000	+0.0000	-0.0001	+0.0000	+0.0000	    
5	0.0023 	0.0000 	0.0002	0.0002	+0.0000	+0.0001	-0.0001	+0.0000	+0.0000	-0.0001	+0.0000	    
6	0.0023 	0.0000 	0.0002	0.0002	-0.0001	+0.0001	+0.0000	+0.0000	+0.0000	+0.0000	+0.0002	    
7	0.0056 	0.0000 	0.0002	0.0002	-0.0001	+0.0001	+0.0001	+0.0000	-0.0001	+0.0000	+0.0000	    
8	0.5375 	0.0000 	0.0032	0.0032	-0.0005	-0.0006	+0.0021	+0.0000	+0.0015	-0.0001	+0.0018	    
9	0.5419 	0.0000 	0.0044	0.0044	-0.0027	-0.0013	-0.0003	+0.0021	-0.0019	+0.0005	-0.0021	    
10	0.5251 	0.0000 	0.0040	0.0040	-0.0008	-0.0014	-0.0019	-0.0016	-0.0024	-0.0004	-0.0022	    
11	0.5212 	0.0000 	0.0047	0.0047	-0.0015	-0.0004	-0.0041	-0.0021	+0.0003	-0.0016	-0.0004	    
12	0.9633 	0.0000 	0.0007	0.0007	-0.0004	-0.0003	-0.0005	-0.0001	+0.0001	-0.0002	+0.0000	    
13	0.9866 	0.0000 	0.0001	0.0001	+0.0000	+0.0000	+0.0001	+0.0000	+0.0001	+0.0001	+0.0000	    
14	0.9627 	0.0000 	0.0003	0.0003	+0.0003	-0.0002	+0.0001	+0.0000	+0.0001	+0.0000	+0.0000	    
15	0.9442 	0.0000 	0.0005	0.0005	+0.0002	-0.0003	-0.0001	+0.0001	-0.0004	-0.0004	+0.0000	    
16	0.9636 	0.0000 	0.0003	0.0003	+0.0003	+0.0000	+0.0000	+0.0000	+0.0000	+0.0000	+0.0000	    
17	0.9882 	0.0000 	0.0001	0.0001	+0.0000	-0.0001	-0.0001	+0.0000	+0.0000	+0.0000	+0.0000	    
18	0.9653 	0.0000 	0.0005	0.0005	+0.0000	-0.0002	-0.0003	+0.0000	+0.0000	-0.0002	-0.0003	    
19	0.9531 	0.0000 	0.0009	0.0009	-0.0003	-0.0005	-0.0007	+0.0000	+0.0000	-0.0002	+0.0000	    
20	0.9648 	0.0000 	0.0000	0.0000	+0.0000	+0.0000	+0.0000	+0.0000	+0.0000	+0.0000	+0.0000	    
21	0.9886 	0.0000 	0.0001	0.0001	+0.0000	-0.0001	+0.0000	+0.0000	-0.0001	+0.0000	+0.0000	    
22	0.9664 	0.0000 	0.0002	0.0002	-0.0001	-0.0001	-0.0001	+0.0000	+0.0000	-0.0002	+0.0000	    
23	0.9595 	0.0000 	0.0005	0.0005	-0.0002	-0.0004	-0.0003	+0.0000	+0.0001	-0.0001	-0.0001	    
24	0.9643 	0.0000 	0.0002	0.0002	+0.0000	-0.0001	+0.0000	+0.0000	-0.0001	+0.0000	+0.0001	    
25	0.9885 	0.0000 	0.0002	0.0002	-0.0001	+0.0000	-0.0001	+0.0000	+0.0000	+0.0000	-0.0001	    
26	0.9677 	0.0000 	0.0003	0.0003	-0.0001	-0.0001	-0.0001	-0.0001	-0.0001	-0.0003	-0.0001	    
27	0.9612 	0.0000 	0.0005	0.0005	+0.0000	-0.0001	-0.0004	+0.0000	+0.0002	+0.0001	-0.0002	    
28	0.9631 	0.0000 	0.0001	0.0001	+0.0000	+0.0000	+0.0000	+0.0000	-0.0001	+0.0000	+0.0000	    
29	0.9886 	0.0000 	0.0000	0.0000	+0.0000	+0.0000	+0.0000	+0.0000	+0.0000	+0.0000	+0.0000	    
30	0.9683 	0.0000 	0.0000	0.0000	+0.0000	+0.0000	+0.0000	+0.0000	+0.0000	+0.0000	+0.0000	    
31	0.9623 	0.0000 	0.0001	0.0001	+0.0000	+0.0000	-0.0001	+0.0000	+0.0000	-0.0001	+0.0000	    
32	0.9615 	0.0000 	0.0000	0.0000	+0.0000	+0.0000	+0.0000	+0.0000	+0.0000	+0.0000	+0.0000	    
33	0.9882 	0.0000 	0.0001	0.0001	+0.0000	+0.0001	+0.0001	+0.0000	+0.0000	+0.0000	+0.0000	    
34	0.9687 	0.0000 	0.0001	0.0001	+0.0000	+0.0000	+0.0000	+0.0000	+0.0000	-0.0001	+0.0000	    
35	0.9621 	0.0000 	0.0007	0.0007	-0.0004	-0.0002	-0.0003	-0.0003	+0.0000	-0.0003	-0.0003	    
36	0.9556 	0.0000 	0.0008	0.0008	+0.0000	+0.0002	+0.0008	+0.0001	-0.0001	-0.0001	+0.0000	    
37	0.9857 	0.0000 	0.0003	0.0003	+0.0002	+0.0001	-0.0001	+0.0001	+0.0000	-0.0002	+0.0000	    
38	0.9684 	0.0000 	0.0002	0.0002	+0.0002	+0.0002	-0.0001	+0.0000	+0.0000	+0.0001	+0.0000	    
39	0.9632 	0.0000 	0.0011	0.0011	+0.0003	+0.0004	-0.0009	+0.0000	+0.0005	+0.0000	-0.0002	    
Average	error:	0.000000 (stat)	0.000658 (syst)	0.000658 (total)

TnP Configurations 
Event Selection(Data) : ( (probe_isMedium && probe_miniIso_rhoAll < 0.1 && probe_iso03_sumPt/probe_pt < 0.4 && ( (probe_3DIPerrVTX > 0 && probe_3DIPVTX/probe_3DIPerrVTX < 3) || probe_3DIPerrVTX == 0) ) && tag_isTight && tag_HLT_IsoMu24_v==1 && tag_pt > 26 && fabs(tag_eta) < 2.4 && (tag_pfIso04_charged + max(0, tag_pfIso04_neutral+tag_pfIso04_photon-(0.5*tag_pfIso04_sumPU)))/tag_pt < 0.15 && 60 < pair_mass && pair_mass < 140 && pair_dR > 0.3) 
Event Selection(MC) : ( (probe_isMedium && probe_miniIso_rhoAll < 0.1 && probe_iso03_sumPt/probe_pt < 0.4 && ( (probe_3DIPerrVTX > 0 && probe_3DIPVTX/probe_3DIPerrVTX < 3) || probe_3DIPerrVTX == 0) ) && tag_isTight && tag_HLT_IsoMu24_v==1 && tag_pt > 26 && fabs(tag_eta) < 2.4 && (tag_pfIso04_charged + max(0, tag_pfIso04_neutral+tag_pfIso04_photon-(0.5*tag_pfIso04_sumPU)))/tag_pt < 0.15 && 60 < pair_mass && pair_mass < 140 && pair_dR > 0.3)*(genWeight) 
Passing Probe Condtion : (probe_isMedium && probe_miniIso_rhoAll < 0.1 && probe_iso03_sumPt/probe_pt < 0.4 && ( (probe_3DIPerrVTX > 0 && probe_3DIPVTX/probe_3DIPerrVTX < 3) || probe_3DIPerrVTX == 0) ) && ( (probe_hltL3fL1sDoubleMu114L1f0L2f10OneMuL3Filtered17_dr<0.3 && probe_hltDiMuonGlb17Glb8RelTrkIsoFiltered0p4_dr<0.3) || (probe_hltL3fL1sDoubleMu114L1f0L2f10L3Filtered17_dr<0.3 && probe_hltDiMuonGlb17Trk8RelTrkIsoFiltered0p4_dr<0.3) || (probe_hltL3fL1sDoubleMu114TkFiltered17Q_dr<0.3 && probe_hltDiMuonTrk17Trk8RelTrkIsoFiltered0p4_dr<0.3) ) 
Input file(Data) : ['/gv0/Users/choij/TnPTrees/v220707/muon/Run2016_UL/SingleMuon_2016b.root'] 
Input file(MC) : ['/gv0/Users/choij/TnPTrees/v220707/muon/Run2016_UL/DYJetsToMuMu_M-50_TuneCP5_13TeV-powhegMiNNLO-pythia8-photos.root'] 
Binnings : [{'var': 'fabs(probe_eta)', 'type': 'float', 'bins': [0.0, 0.9, 1.2, 2.1, 2.4], 'title': '|#eta_{SC}|'}, {'var': 'probe_pt', 'type': 'float', 'bins': [10.0, 14.0, 16.0, 18.0, 20.0, 25.0, 30.0, 40.0, 50.0, 100.0, 200.0], 'title': 'p_{T}'}] 
