ibin	Central	Staterr	Systerr	Totalerr  [MassRange]	[MassBin]	[TagIso]	[AltSig]   Syst/Stat
0	0.0001 	0.0001 	0.0000	0.0001	+0.0000	+0.0000	+0.0000	+0.0000	+0.0000	+0.0000	+0.0000	    	0.00
1	0.0006 	0.0002 	0.0001	0.0002	+0.0000	+0.0001	+0.0000	+0.0000	+0.0001	+0.0001	+0.0000	    	0.71
2	0.0004 	0.0001 	0.0001	0.0002	+0.0001	+0.0001	+0.0000	+0.0000	+0.0000	+0.0000	+0.0001	    	1.41
3	0.0008 	0.0002 	0.0003	0.0003	-0.0001	-0.0001	-0.0002	+0.0000	-0.0001	+0.0000	+0.0001	    	1.32
4	0.0005 	0.0001 	0.0000	0.0001	+0.0000	+0.0000	+0.0000	+0.0000	+0.0000	+0.0000	+0.0000	    	0.00
5	0.0024 	0.0005 	0.0003	0.0006	+0.0000	+0.0001	-0.0003	+0.0000	+0.0000	+0.0000	+0.0000	    	0.63
6	0.0021 	0.0003 	0.0006	0.0007	-0.0003	+0.0001	-0.0001	-0.0001	-0.0001	-0.0001	+0.0005	    	2.00
7	0.0042 	0.0007 	0.0007	0.0010	+0.0002	+0.0000	-0.0001	+0.0000	+0.0000	+0.0000	+0.0007	    	1.05
8	0.5155 	0.0024 	0.0026	0.0035	-0.0025	-0.0006	+0.0000	+0.0001	-0.0004	+0.0000	+0.0003	    	1.06
9	0.5171 	0.0042 	0.0015	0.0045	-0.0005	+0.0011	-0.0004	+0.0001	+0.0002	+0.0004	-0.0008	    	0.35
10	0.4941 	0.0025 	0.0014	0.0028	-0.0010	-0.0013	-0.0004	+0.0000	+0.0001	+0.0000	+0.0000	    	0.55
11	0.4512 	0.0043 	0.0123	0.0130	+0.0038	+0.0032	+0.0080	+0.0023	+0.0022	+0.0021	+0.0082	    	2.85
12	0.9367 	0.0010 	0.0004	0.0011	-0.0002	+0.0002	-0.0003	-0.0001	+0.0001	+0.0001	+0.0000	    	0.37
13	0.9616 	0.0012 	0.0025	0.0027	+0.0009	+0.0013	+0.0012	+0.0008	+0.0007	+0.0015	+0.0008	    	2.04
14	0.9417 	0.0009 	0.0024	0.0026	+0.0016	+0.0005	+0.0015	+0.0000	+0.0000	+0.0008	+0.0006	    	2.68
15	0.8772 	0.0027 	0.0044	0.0051	-0.0002	-0.0036	-0.0015	+0.0002	+0.0003	+0.0005	-0.0019	    	1.62
16	0.9387 	0.0005 	0.0011	0.0012	-0.0001	-0.0001	-0.0011	+0.0000	+0.0000	+0.0000	-0.0001	    	2.22
17	0.9684 	0.0006 	0.0005	0.0008	+0.0005	-0.0002	+0.0000	+0.0000	-0.0002	+0.0000	-0.0001	    	0.91
18	0.9502 	0.0005 	0.0009	0.0010	+0.0002	+0.0001	-0.0006	+0.0000	+0.0003	+0.0000	+0.0006	    	1.84
19	0.9074 	0.0012 	0.0013	0.0018	+0.0005	-0.0008	-0.0010	+0.0001	+0.0000	-0.0003	+0.0000	    	1.10
20	0.9393 	0.0003 	0.0003	0.0004	+0.0000	+0.0003	-0.0001	+0.0001	+0.0001	+0.0001	+0.0000	    	1.11
21	0.9695 	0.0005 	0.0005	0.0007	+0.0002	-0.0001	+0.0000	+0.0001	+0.0001	+0.0000	-0.0004	    	0.94
22	0.9540 	0.0003 	0.0002	0.0004	+0.0002	+0.0000	+0.0000	+0.0000	+0.0000	-0.0001	-0.0001	    	0.82
23	0.9206 	0.0009 	0.0006	0.0011	-0.0006	-0.0003	-0.0001	+0.0001	-0.0002	-0.0001	+0.0001	    	0.72
24	0.9397 	0.0002 	0.0003	0.0004	+0.0001	+0.0001	-0.0002	-0.0002	-0.0002	-0.0002	+0.0000	    	1.50
25	0.9692 	0.0002 	0.0003	0.0004	+0.0000	+0.0002	+0.0000	+0.0001	+0.0001	+0.0001	+0.0002	    	1.58
26	0.9558 	0.0002 	0.0007	0.0007	+0.0003	+0.0001	+0.0000	+0.0000	+0.0000	+0.0003	+0.0005	    	3.28
27	0.9312 	0.0004 	0.0008	0.0009	-0.0004	-0.0005	-0.0002	+0.0000	-0.0004	+0.0000	-0.0005	    	2.09
28	0.9388 	0.0001 	0.0001	0.0001	+0.0001	+0.0000	+0.0000	+0.0000	+0.0000	+0.0000	+0.0000	    	1.00
29	0.9687 	0.0002 	0.0001	0.0002	+0.0000	+0.0001	+0.0000	+0.0000	+0.0001	+0.0000	+0.0000	    	0.71
30	0.9564 	0.0001 	0.0001	0.0002	+0.0000	+0.0000	-0.0001	+0.0000	-0.0001	+0.0000	+0.0000	    	1.41
31	0.9357 	0.0004 	0.0001	0.0004	-0.0001	+0.0001	+0.0000	+0.0000	+0.0001	+0.0000	+0.0000	    	0.35
32	0.9362 	0.0002 	0.0001	0.0002	+0.0001	+0.0001	+0.0000	+0.0000	+0.0001	+0.0001	+0.0000	    	0.71
33	0.9687 	0.0003 	0.0001	0.0003	+0.0000	+0.0000	+0.0001	+0.0000	+0.0000	+0.0000	-0.0001	    	0.47
34	0.9517 	0.0003 	0.0004	0.0005	-0.0001	-0.0001	-0.0002	-0.0002	-0.0003	-0.0001	+0.0000	    	1.25
35	0.9381 	0.0007 	0.0002	0.0007	-0.0001	+0.0000	+0.0000	+0.0001	+0.0000	+0.0000	+0.0002	    	0.35
36	0.9250 	0.0014 	0.0012	0.0019	+0.0000	-0.0005	+0.0011	+0.0000	-0.0002	-0.0002	+0.0001	    	0.88
37	0.9628 	0.0017 	0.0004	0.0018	-0.0003	-0.0001	-0.0003	+0.0000	+0.0000	+0.0001	+0.0000	    	0.26
38	0.9318 	0.0017 	0.0006	0.0018	-0.0005	+0.0002	-0.0001	+0.0000	+0.0003	-0.0001	-0.0001	    	0.35
39	0.9349 	0.0045 	0.0050	0.0067	+0.0008	+0.0033	-0.0013	+0.0003	+0.0003	-0.0002	+0.0035	    	1.11
Average	error:	0.000970 (stat)	0.001146 (syst)	0.001582 (total)

TnP Configurations 
Event Selection(Data) : ( (probe_isMedium && probe_miniIso_rhoAll < 0.1 && probe_iso03_sumPt/probe_pt < 0.4 && ( (probe_3DIPerrVTX > 0 && probe_3DIPVTX/probe_3DIPerrVTX < 3) || probe_3DIPerrVTX == 0) ) && tag_isTight && tag_HLT_IsoMu24_v==1 && tag_pt > 26 && fabs(tag_eta) < 2.4 && (tag_pfIso04_charged + max(0, tag_pfIso04_neutral+tag_pfIso04_photon-(0.5*tag_pfIso04_sumPU)))/tag_pt < 0.15 && 60 < pair_mass && pair_mass < 140 && pair_dR > 0.3) 
Event Selection(MC) : ( (probe_isMedium && probe_miniIso_rhoAll < 0.1 && probe_iso03_sumPt/probe_pt < 0.4 && ( (probe_3DIPerrVTX > 0 && probe_3DIPVTX/probe_3DIPerrVTX < 3) || probe_3DIPerrVTX == 0) ) && tag_isTight && tag_HLT_IsoMu24_v==1 && tag_pt > 26 && fabs(tag_eta) < 2.4 && (tag_pfIso04_charged + max(0, tag_pfIso04_neutral+tag_pfIso04_photon-(0.5*tag_pfIso04_sumPU)))/tag_pt < 0.15 && 60 < pair_mass && pair_mass < 140 && pair_dR > 0.3)*(genWeight) 
Passing Probe Condtion : (probe_isMedium && probe_miniIso_rhoAll < 0.1 && probe_iso03_sumPt/probe_pt < 0.4 && ( (probe_3DIPerrVTX > 0 && probe_3DIPVTX/probe_3DIPerrVTX < 3) || probe_3DIPerrVTX == 0) ) && ( (probe_hltL3fL1sDoubleMu114L1f0L2f10OneMuL3Filtered17_dr<0.3 && probe_hltDiMuonGlb17Glb8RelTrkIsoFiltered0p4_dr<0.3) || (probe_hltL3fL1sDoubleMu114L1f0L2f10L3Filtered17_dr<0.3 && probe_hltDiMuonGlb17Trk8RelTrkIsoFiltered0p4_dr<0.3) || (probe_hltL3fL1sDoubleMu114TkFiltered17Q_dr<0.3 && probe_hltDiMuonTrk17Trk8RelTrkIsoFiltered0p4_dr<0.3) ) 
Input file(Data) : ['/gv0/Users/choij/TnPTrees/v220707/muon/Run2016_UL/SingleMuon_2016b.root'] 
Input file(MC) : ['/gv0/Users/choij/TnPTrees/v220707/muon/Run2016_UL/DYJetsToMuMu_M-50_TuneCP5_13TeV-powhegMiNNLO-pythia8-photos.root'] 
Binnings : [{'var': 'fabs(probe_eta)', 'type': 'float', 'bins': [0.0, 0.9, 1.2, 2.1, 2.4], 'title': '|#eta_{SC}|'}, {'var': 'probe_pt', 'type': 'float', 'bins': [10.0, 14.0, 16.0, 18.0, 20.0, 25.0, 30.0, 40.0, 50.0, 100.0, 200.0], 'title': 'p_{T}'}] 
