ibin	Central	Staterr	Systerr	Totalerr  [MassRange]	[MassBin]	[TagIso]	[AltSig]   Syst/Stat
0	0.0000 	0.0000 	0.0000	0.0000	+0.0000	+0.0000	+0.0000	+0.0000	+0.0000	+0.0000	+0.0000	    
1	0.0003 	0.0001 	0.0000	0.0001	+0.0000	+0.0000	+0.0000	+0.0000	+0.0000	+0.0000	+0.0000	    	0.00
2	0.0002 	0.0000 	0.0001	0.0001	+0.0000	+0.0000	+0.0000	+0.0000	+0.0000	+0.0000	+0.0001	    
3	0.0006 	0.0001 	0.0000	0.0001	+0.0000	+0.0000	+0.0000	+0.0000	+0.0000	+0.0000	+0.0000	    	0.00
4	0.0001 	0.0000 	0.0000	0.0000	+0.0000	+0.0000	+0.0000	+0.0000	+0.0000	+0.0000	+0.0000	    
5	0.0010 	0.0002 	0.0002	0.0003	-0.0001	+0.0000	+0.0000	+0.0000	-0.0001	+0.0000	+0.0001	    	0.87
6	0.0024 	0.0002 	0.0003	0.0004	-0.0002	+0.0001	+0.0000	+0.0000	+0.0000	-0.0001	+0.0002	    	1.50
7	0.0035 	0.0003 	0.0002	0.0004	-0.0001	+0.0001	-0.0001	+0.0000	+0.0000	+0.0000	+0.0002	    	0.82
8	0.5027 	0.0013 	0.0058	0.0060	+0.0003	-0.0058	+0.0004	+0.0000	-0.0005	+0.0001	+0.0000	    	4.49
9	0.5096 	0.0021 	0.0085	0.0087	-0.0049	-0.0043	-0.0035	-0.0041	-0.0002	-0.0039	-0.0040	    	4.04
10	0.5044 	0.0013 	0.0062	0.0064	-0.0002	+0.0001	-0.0046	+0.0000	-0.0008	+0.0003	+0.0041	    	4.78
11	0.4826 	0.0024 	0.0097	0.0100	+0.0036	+0.0034	-0.0009	+0.0003	+0.0082	+0.0081	+0.0037	    	4.05
12	0.9355 	0.0005 	0.0003	0.0006	+0.0002	-0.0003	+0.0001	-0.0001	-0.0001	+0.0000	+0.0000	    	0.66
13	0.9498 	0.0009 	0.0010	0.0014	-0.0005	-0.0001	-0.0004	-0.0001	+0.0002	-0.0005	+0.0006	    	1.12
14	0.9509 	0.0005 	0.0013	0.0014	+0.0007	+0.0005	+0.0004	+0.0000	-0.0001	+0.0006	+0.0008	    	2.57
15	0.9288 	0.0010 	0.0021	0.0024	+0.0011	+0.0007	+0.0017	+0.0001	+0.0007	+0.0003	+0.0001	    	2.14
16	0.9375 	0.0002 	0.0002	0.0003	-0.0001	+0.0000	-0.0001	+0.0000	-0.0001	+0.0000	+0.0000	    	0.87
17	0.9509 	0.0004 	0.0016	0.0016	+0.0007	+0.0008	+0.0001	+0.0007	+0.0009	+0.0001	+0.0007	    	3.90
18	0.9574 	0.0002 	0.0003	0.0004	+0.0000	-0.0003	+0.0000	+0.0000	-0.0001	-0.0001	+0.0000	    	1.58
19	0.9403 	0.0005 	0.0002	0.0005	+0.0000	-0.0001	+0.0001	+0.0001	+0.0000	-0.0001	+0.0001	    	0.40
20	0.9383 	0.0002 	0.0002	0.0003	+0.0000	-0.0001	+0.0000	-0.0001	-0.0001	-0.0001	-0.0001	    	1.00
21	0.9520 	0.0003 	0.0003	0.0004	+0.0002	-0.0002	+0.0001	+0.0000	-0.0001	+0.0002	+0.0000	    	1.00
22	0.9584 	0.0002 	0.0001	0.0002	+0.0000	+0.0000	+0.0001	+0.0000	+0.0001	+0.0001	+0.0000	    	0.71
23	0.9430 	0.0004 	0.0007	0.0008	-0.0001	+0.0000	+0.0002	-0.0005	+0.0000	-0.0005	+0.0000	    	1.79
24	0.9373 	0.0001 	0.0007	0.0007	+0.0003	+0.0002	+0.0000	+0.0000	+0.0003	+0.0003	+0.0005	    	6.56
25	0.9519 	0.0001 	0.0007	0.0007	+0.0004	+0.0003	+0.0000	+0.0001	+0.0001	+0.0000	+0.0006	    	7.35
26	0.9595 	0.0001 	0.0004	0.0004	+0.0002	+0.0002	+0.0002	+0.0000	+0.0001	+0.0000	+0.0003	    	4.24
27	0.9435 	0.0002 	0.0005	0.0006	-0.0001	+0.0000	+0.0000	+0.0003	+0.0003	+0.0003	-0.0003	    	2.65
28	0.9356 	0.0001 	0.0000	0.0001	+0.0000	+0.0000	+0.0000	+0.0000	+0.0000	+0.0000	+0.0000	    	0.00
29	0.9515 	0.0001 	0.0001	0.0002	+0.0000	-0.0001	+0.0000	+0.0000	+0.0000	-0.0001	+0.0000	    	1.41
30	0.9612 	0.0001 	0.0000	0.0001	+0.0000	+0.0000	+0.0000	+0.0000	+0.0000	+0.0000	+0.0000	    	0.00
31	0.9438 	0.0002 	0.0000	0.0002	+0.0000	+0.0000	+0.0000	+0.0000	+0.0000	+0.0000	+0.0000	    	0.00
32	0.9324 	0.0001 	0.0002	0.0002	+0.0000	+0.0001	+0.0001	+0.0000	+0.0000	+0.0000	+0.0001	    	1.73
33	0.9484 	0.0002 	0.0003	0.0004	+0.0000	+0.0002	-0.0001	-0.0001	-0.0001	-0.0002	+0.0001	    	1.58
34	0.9617 	0.0001 	0.0000	0.0001	+0.0000	+0.0000	+0.0000	+0.0000	+0.0000	+0.0000	+0.0000	    	0.00
35	0.9417 	0.0003 	0.0003	0.0004	-0.0002	-0.0001	+0.0001	+0.0000	+0.0001	+0.0000	+0.0001	    	0.88
36	0.9229 	0.0007 	0.0004	0.0008	+0.0003	-0.0002	+0.0000	+0.0001	+0.0003	+0.0001	-0.0001	    	0.64
37	0.9354 	0.0012 	0.0015	0.0019	+0.0009	+0.0002	+0.0000	-0.0001	+0.0001	+0.0000	-0.0012	    	1.26
38	0.9593 	0.0007 	0.0006	0.0009	+0.0003	-0.0004	-0.0002	+0.0000	+0.0003	-0.0001	-0.0002	    	0.82
39	0.9317 	0.0022 	0.0036	0.0042	-0.0019	+0.0010	+0.0000	+0.0001	-0.0002	-0.0005	+0.0030	    	1.63
Average	error:	0.000495 (stat)	0.001220 (syst)	0.001365 (total)

TnP Configurations 
Event Selection(Data) : ( (probe_isMedium && probe_miniIso_rhoAll < 0.1 && probe_iso03_sumPt/probe_pt < 0.4 && ( (probe_3DIPerrVTX > 0 && probe_3DIPVTX/probe_3DIPerrVTX < 3) || probe_3DIPerrVTX == 0) ) && tag_isTight && tag_HLT_IsoMu24_v==1 && tag_pt > 26 && fabs(tag_eta) < 2.4 && (tag_pfIso04_charged + max(0, tag_pfIso04_neutral+tag_pfIso04_photon-(0.5*tag_pfIso04_sumPU)))/tag_pt < 0.15 && 60 < pair_mass && pair_mass < 140 && pair_dR > 0.3) 
Event Selection(MC) : ( (probe_isMedium && probe_miniIso_rhoAll < 0.1 && probe_iso03_sumPt/probe_pt < 0.4 && ( (probe_3DIPerrVTX > 0 && probe_3DIPVTX/probe_3DIPerrVTX < 3) || probe_3DIPerrVTX == 0) ) && tag_isTight && tag_HLT_IsoMu24_v==1 && tag_pt > 26 && fabs(tag_eta) < 2.4 && (tag_pfIso04_charged + max(0, tag_pfIso04_neutral+tag_pfIso04_photon-(0.5*tag_pfIso04_sumPU)))/tag_pt < 0.15 && 60 < pair_mass && pair_mass < 140 && pair_dR > 0.3) 
Passing Probe Condtion : (probe_isMedium && probe_miniIso_rhoAll < 0.1 && probe_iso03_sumPt/probe_pt < 0.4 && ( (probe_3DIPerrVTX > 0 && probe_3DIPVTX/probe_3DIPerrVTX < 3) || probe_3DIPerrVTX == 0) ) && probe_hltL3fL1DoubleMu155fFiltered17_dr<0.3 && probe_hltDiMuon178RelTrkIsoFiltered0p4_dr<0.3 
Input file(Data) : ['/gv0/Users/choij/TnPTrees/v220707/muon/Run2018_UL/SingleMuon_2018.root'] 
Input file(MC) : ['/gv0/Users/choij/TnPTrees/v220707/muon/Run2018_UL/DYJetsToMuMu_M-50_massWgtFix_TuneCP5_13TeV-powhegMiNNLO-pythia8-photos.root'] 
Binnings : [{'var': 'fabs(probe_eta)', 'type': 'float', 'bins': [0.0, 0.9, 1.2, 2.1, 2.4], 'title': '|#eta_{SC}|'}, {'var': 'probe_pt', 'type': 'float', 'bins': [10.0, 14.0, 16.0, 18.0, 20.0, 25.0, 30.0, 40.0, 50.0, 100.0, 200.0], 'title': 'p_{T}'}] 
